F7;1748626590826;077077077065083131015052005074033131000000000000030131016035072034034131016016028034034012008008008122122013;999992910099909990910999919990919099909999999009099990999090
F7;1748626630109;065062052077077077022048047005004015022104104092092008022104104081092008022087044134030008072012134134082082;009999091920990999019999199999999999099190090099003990999999
F7;1763536783378;000092012065098072000092092028098098000018011037118004000076076037005042099076076037140042051044015050050042;099999930909999999100990110999919990900999199999900991999299
F7;1763537670678;052051091135010013088088091135053053088088017135053053015065028077002056133005105077002002133133068077012047;900990999009999999999990009999990900192999909119991993090999
F7;1763537937833;046046044075075015046046039075052081038104104005100025004104104024134134105086042042042134110110012014014014;909929999999999009019009919999910999990900199099900390999999
F7;1763538189879;133133131012003003039133131088088010018047131088088130059036131077005100068036036077046046044093015077046046;909999993090999099999999091009991099119909090999990999909299
F7;1763538241743;092092012098098135092030142098052135044017023023057135096100023023076076051003003005076076015019008008008010;999909939990009000199999990909999099090901999999999919921990
F7;1763538366078;024062015014014014051103103084039003005103018088088003027027011088088041000000000000053053068013012081053053;029999190999909009999919999190990900909199999999900309999909
F7;1763538414229;112112013012133133065008008008133061030014014014084061068076076026105061024076076059005061051006006006006015;999999003909990909919909919099019990999999190991999919909992
F7;1763538593278;143015012133039018050050080133133096051005076076069031053053076076068095053053077077077013085085066066066066;299991939009909091199999900019990919999990009999990099999999
F7;1763538627873;039067067088088052019033015088088097077077077009083022005048047023023022013016016023023022112112016012068022;999990099909999900209099909199099199999109990919099930990999
F7;1763538960386;072012068066121121074046046066121018033046046066040040002013056066088088002002005094088088067067083011097015;990990399990900909990099999001909999999919999919990919999012
F7;1763538998075;058012022105059013058014022060026130058014022060060039050014022098047057050093005098098009041006006006006015;990099399000999099999990090099909999999199909119109999209999
F7;1763539241425;109102012067073073013096061067073073021021061016016010023023061016005014023023061100051014041140068072015014;099090039999099999909990190909919999919999099909909909900992
F7;1763539482836;091000010041065001091000057103103078015000046046103078081000046046007083005013118063088088058058058012088088;990909990900999999099929990999909199901909099010919139999999
F7;1763539596231;046046075008008008046046075075021066076076013001021066076076085085063066015105039032113066035005017041012072;999999990909099999999999099999009999902100099991991913001199
F7;1763539681679;067067037037037015034034005051122122034034094083023023060089114026023023060060145038007004044012000000000000;999929019999909999190991999919099900999199099090003009999999
F7;1763539819691;065012068131080037032063078131072037038092078131052037014092092131089010014005104104134134014044104104015134;990000399091009919999919999999909099009199999190999999909929
F7;1763539878579;135001013012010082135053053023023082135053053023023115111098098083032052026002098005068015039002002077077077;099999003099919099999099999091900999090999090919999919209999
F7;1763539948727;086046046027027044047046046037037037012109131131131131015084142002097096053053033002002083053053005004078078;090900999999999999090939999910999910002919909999999100991999
F7;1763539981223;024012006006006006027027076076044019078078076076031056100005102004010083133133092092104104133015065092104104;999990309009199999999091909919000109991909999990992099999999
F7;1763540144283;088088061061061061088088138080094021012142092092111021073073092013052024073073005098098010001050050015098068;999999990909000990990930999919900999999990999119009999909920
F7;1763540333024;008062045097015004008005014014014028008130119060021021029029047060060012029029059039098098000000000000098044;011299199909999991090091199990999999939999099090999099999900
F7;1763540427433;098098003003081013015098135135135061078035010065093061078131131131131061095053053109118061005053053041012024;909099999009999920990999990990099999991999099991019913019199
F7;1763540448876;098012042088088005098098042088088105046046042028061078046046011096061078009026051140061015004110110065061013;999919399919119990999199009999999900990900920999900909999990
F7;1763540743824;131083031021021015131013105058023023131138048058023023131100102058005068036036073073010112036012073073025112;909999909020999999099900999999919091109019999190993999999900
F7;1763541399572;010012050092092018109006050092029029094006046046029029095006046046013070121006005027015114121121068027093072;999900399090009999999901999099990999090919909919999992090919
F7;1763541455781;128015007013131047008008008065131000083005024019131000010078078030131000046046110036036000046046110012036004;920990919909999991909909999910099999090910999919099939990990
F7;1763541492328;013012076076035108007107076076145108138022022022022094008005110058058058008072110045073073008015038047073073;999990399091090910999099990199099119999990900999999109992999
F7;1763541608975;015002002008008008047038002005105039061082060084101001061082060060106004061073073042042042061073073013012051;299999999090919990910099910999919909999900109999999903009999
F7;1763541669629;061061061061024057000013083030089079000005106134134038000051042134003003000067042009034034015067042012034034;999999990009900990990011190999999090999991909090929939999999
F7;1763541681426;103066066066066052103103039131015135012092092131083135057092093131005135058058058131106130047063018021021044;099909999999999290099939999991909091119099999990090909000999
F7;1763541806182;013103015010068006063103103037061006005112112037061006034034084037061006034034003062061064072086003012024031;999990920091999919999999999109999990909909999110090939009990
F7;1763542002221;000064130015076076000013003102076076000031003005057077000047039063112077061061061061112077018012037037037024;092999019999990999909909199909109990900991999990903099099999
F7;1763542042826;134134077077077083024134034034007039012130034034093051042042042005098098029029044110110098029029004086010015;909900999999190091990939990999199990199090999099999900299099
F7;1763542113728;046046014110110039046046014098098056064109014025098048015033013083053053010005103103053053008008008103012057;999999999009099999999019000219909999099109990991991993099199
F7;1763542139631;029029012102056077029029080007047077073073048134134077073073030018134008091044005016015008091004038016016008;999009930999019990910999199991999990900019999919999092990999
F7;1763542190872;021039012003088088021009087003088088066028076076145018066005076076109044066098098075075130066015098057075052;999099039990009999199011909999909199909190999999099999092099
F7;1763542332082;061005043030071068061133133065015058061133023023039058061001023023054058034034122122010044034034012077077077;911109090299999999999999999919909919000919099099999309099999
F7;1763542550274;104104134010065059104104134134110110061061061061060060053053071130060047053053080005033067035012072013015067;990909999909999990909099909999090910999919999911103009999992
F7;1763542752906;010014014014012004022022022022098098143005028113098025085131131131131007085013072138002002015135135135019002;099999909309999999909011119199990999909999909900920999999900
F7;1763542903708;091133133010006037091051133018006037013004053053006037104104053053006102104104033072145015047012005077077077;090999099999999999009999999009990919009910999999203191999199
F7;1763543042811;014014014046046065083121121046046111086121099004108108075075008005076076093075008106076076013012008062039015;999999909909909909099009999990090999199991990199903919299109
F7;1763544082831;035022131131131131044022033065092083012022105017092092102022008008008043121121005122122084051121077077077015;099999909990999099009939999990090109991999909109009199999992
F7;1763544954095;022060060047015059022060034034085085022035034034005083022062014014014008097009029029013008024012029029113008;099929990919999999991909990990919019990199999099903990999900
F7;1763547144709;044145039037037037014041001010142072014034034051006012014034034113006122075075092092006122075015092005006068;090999099099090099090909993999099990009099999999999919992910
F7;1763547737638;000073073010083044000073073055062064000088088005143015000088088047031102112014014014092092112012085085068092;990999999000900099999999119999912090919199990990993090999999
F7;1763548063515;084010018121012040037037037121121040064055005034034077036015039034034077036036004017099077013097000000000000;090990999399909099991011199190999299999999999900099999000999
F7;1763548317482;036036003046046024036072003046046012006042042042038000006015027005033000006030027071035000006010051013039000;990909999999099309901909991999999991119290999190990009999990
F7;1763550492294;145006052089019096057006015073073013008006098073073041008006098098005115008066066066066091039012059021021091;090000990909999999299999990999990099199999100999003099999099
F7;1763552969143;047008061061061061143008089034034012004008018034034066027027099050050066015031005053053066001094013053053066;999990909090099399099909990999199900999991999119921099919999
F7;1763553100643;015034034072091013068034034005091032130093121121073073077077077121073073060060071014014014060052024010012083;299099999909919000919009999999999990999991909009999003009999
F7;1763553194386;066135135135051015066085004065086037066085140133095037066013080133133037031088088121121005047088088012121094;999099099920990999090999999990909909990909010909999939109991
F7;1763553569594;092092053053012000037092053053007000037024063086065000037130143005067000002018004009067013002002008008008015;909990999399990199009990909990999909110091909909999919999992
F7;1763555656375;013012022022022022084118073073045031050100073073065131050005102103103131098098074039103131098040040015068131;999990309990090091999019909990999190999199999109999199999290
F7;1763557647941;015057017088088067037060060088088067037065060083042066037005007099042066018084134134042066013011045134012066;900992999999999099990999900900999111199999990990990993900099
F7;1763557842343;066021021077000057066015010077000014066064111077000014066018034034000014005038034034103052013113145012103103;990909999999999992099919990990099909091999901990991139901999
F7;1763557881416;104104057012023023104104131118023023052077131042042042027077131044062070027077131005067097015025105031067010;909999993999010999909900999999900099099999009919999919021199
F7;1763558206962;008008008012108108055130131131131131072034034005133068010034034084133133013115096036143015037037037036036051;999990093909099909199099919999199091999009199909200999999990
F7;1763558509767;083060060015053053047060121121053053063005121115048110135013051058057110135087062058088088135012093058088088;099999992999999900990911009199999999909009901099993099999009
F7;1763558770756;130005027027012039070059006006006006105056044084098098015115042042042098053053046046004083053053046046082082;119991991309099910900999099209909999999090909990999999999909
F7;1763559858456;058005096093003003058051119118036012058066131121036036015066131121121077039066131052080077044066131057038077;119099910999011399009999999299990909999999990990099990909909
F7;1763560584576;040013055037068018040088088037015058092088088037066058092092104104066058051010104104066005064140059012066052;900099999909999209999999999990099909199099919999109039000999
F7;1763560871908;046046012059021021046046092092093044033114092018031066110074009073073066110005051073073066057077077077015066;999099930909190901990999090019999900999109999999901999999929
F7;1763561074577;048068005045105100067008008008010015067050066098098044084050066098096047034034066118029029034034066012029029;091110909929990999199909990999999099900990099010999939999999
F7;1763561403861;010131131131131013076076031140015035076076138047077135108108005107077135012098098094077135018098006006006006;999900099999912999199099999901099901099991993919999999000999
F7;1763561544066;131131131131083122010066066066066122073073005024088088073073036036088088015018036080078078039009109013012035;999990909099999999990091909991999999992999909911990003000999
F7;1763562045411;057098012100043093030098098005037015106047034034037044089018034034037003075075014014014003072075061061061061;999110931920999909119990900099999099900999999099909999990999
F7;1763562890660;047083058018065094006044058015110059006042058098110131006042010098098131006042011133005131035012001133133131;900900999909999090929990909999999999999909190199903191999190
F7;1763564753612;144072065044051015046046005042042042046046002145029029033086002002029029036036077077077068036012039078078052;999990000029919999199999909099099919990199999099093009999990
F7;1763565270763;010012013031067067089000000000000065053053036035005052053053036036002002072086039079015002022022022022122122;990990390090999009091999990999019999990090999099299909999909
F7;1763566195710;098098088088003035098015088088003105005010034034061019069065034034061115032042042042061074085085012013061072;999999299909990919990090999199990909991990901990009399099909
F7;1763566966855;064145061061061061044017138076076068021021089076076015037037037083046046092092030001046046092012078078005010;099990009909999990099999099900092999999909999119993911999910
F7;1763567047703;035026076076012083036036076076074062036061000000000000033061037005011065013061037075075021072061037015075021;909990099309990199999109999099109991900999099999099999909299
F7;1763567303854;022143012039096015022066066066066033022135135135018070022010092092005063023023092110016013023023068110016016;099099039029999999199199999991901909110990009999999999999099
F7;1763567559466;048002002014014014047002044011010015022135135135005131022035052092096131022067024092092131022067106084012131;090990990999909999900209919909119990919999999909999903990099
F7;1763567643513;053053092052077081053053092092077018051134134089077042088088134013017042088088005068145042047012038091091015;900909999909999990909909909919009999999919099909003199999192
F7;1763567753107;015077077077012013055042042042053053103103005065053053103048089067067045034034121121018074034034004121039031;999992909309990919999991909991910901999099909099099999099090
F7;1763568084356;058012052042134134058009101042018134058071022042005003013062022010115003046046022057075072046046022015075075;999099309999119990090909910909019099999099109909999999999929
F7;1763568520907;060060014112112024060013014005088088074143014048088088094029029037145015130029029037016016057012059037072016;990999999909919900919909919091919099929999990990903090999099
F7;1763619985824;042044064002002037042048086143002037042015010093030037005027033083046046134027023023046046134134023023012004;909999909991909092909999900190909199099909999191999993090999
F7;1763620280429;078078004042131051072076076042131013015076076042131138104104092065131064104104092092062012047005007122122024;990900099999999999999099099290990999009999099999391091901190
F7;1763621882875;050111134134013008050072134053053008077077077053053008012060060032010015004081060056073073026086083005073073;009999999090999009999999999909009391999991929099900019909919
F7;1763622201931;072058058058012013084076076034034061015076076034034061055005008008008061011064138067057061018085085067097051;999990990300999999999999099299919919901100091999909099999900
F7;1763622503179;112092092012044061112092022071143061072001022113084061010089022021021061075005022083076076075075015068076076;999909993990019009900991909919099099999199091909999999992909
F7;1763622930729;092092077077077010092013032015083114005085085072093102042042042064011068073073098098104104073073012098104104;909999999009029909199019090199909999001990999199999399999909
F7;1763623608762;058003091036015052058003091036036033058089005094018017034034046046030064034034046046084068013012061061061061;999999999200999999019001199919900999909999099090903099099999
F7;1763623898535;018055100037037037084068075075010058133044075015089058133133074093005058012113006006006006131131131131027027;009999909900999909990990921990999909119901993199990990999999
F7;1763624262932;085013034034012061085055034034071061092092005104104061092086057104104061015026080067067051077077077059114010;909999999390090199999991191999999909992099009009999009999900
F7;1763624534028;066001033035013145066042042042051114066108108014032081066092092014075075088088092014005075088088012072064015;900909099909999990990099990909909991990999199091999390299909
F7;1763624843826;067067061061061061039017068010030072036036023023019015036044023023046046008008008093046046083012003003005065;999999099009990900090999999999902999990090999909903191999910
F7;1763625123575;058012064134134066058007046046134066058085046046013066005085094014041066036036106014038010015036035014026052;990999309990199099999991999999009109091909909990999090929990
F7;1763625399875;001069079005103010015068086106103103012000000000000072085085022022022022082016145088088114082016016088088013;111002991999099999019939990909999909990909909909999999009999
F7;1763625800480;068056077013084022015059077088088022040040077088088022005050010115039022065050029029036036064079029029012036;009099999092999991999999099199099199999900009191909993900999
F7;1763626101931;010058061012051040047058061036036040018058061036046046041031061077046046133133005077044055133015068077052120;009999993090919099990999999009999090999919909190999099029909
F7;1763626389194;018028029029075075085061029029075010085061015026005011072061003052002002083061003044002012100131131131131057;009999999990999999210099911999991009099999999999309000909990
F7;1763626732723;052005022022022022078078068100030012084037029029056044015037029029032074016037024040040079016016061061061061;019999190199909391990919999299900999909990009909999999090999
F7;1763627017887;013012064079074039061061061061040040004096005062088088084075075002088088105075015002002122000000000000083122;990000309099999909919091199919099099990929909999909990999999
F7;1763627392425;015026058058058006051118113010047006108036036091091006108005036004099006046046131131131131046046012013033102;299999109990009091999999999919909199991990009199999399099900
F7;1763627674879;053053110073073010053053110073073018013032074109093112014014014086011112015057005063060060022022022022012060;999909999999999990009000909990909999192911109019999903999999
F7;1763627980302;066004005053053072066115056053053015066078105013093031066078073073075065080003073073075075010003012135135135;991909009999999290199999990991000909090999990099909309999999
F7;1763630375209;015023023026095068013023023063021021133133005077077077133076076030028102012076076113036051039037037037036036;299009990990900999199991099999999190009990903990999909909999
F7;1763630441253;092092061061061061012092053053108108000008053053091091000008114105090084000008005013024035000051041009099015;909999999093099991999909999999909900009999009199999109909112
F7;1763634046701;065036036008044035105015036008052112073073005008074112073073077077077083026103103038104104048010103012104104;999090299909999009199999900991909909909909190991909939909999
F7;1763634141304;035012130013091091030109028029029039108017089029029061108053053064047061005053053133133061037037037015133061;990990309091999019099900999990009990991999999909019999999299
F7;1763634399203;067104104012004065067104104053053064005062013053053022083135017015099022096135036050050022047135036036114022;999999993001919019999910990019909912999999090999909999999900
F7;1763634576702;015064047042042042085085043103103061005019142103013061034034076076084061034034076076143061035010012122122065;299999109909999919099911099991909999909999999099000300099999
F7;1763634701395;014014014051012057047055029029113007103103029029083022103056110110005022034034098098096022034034044098015022;999999900300090199999190999909909999019099199991999999990929
F7;1763634832796;015088088133057061001088088133133061065041005082082061013074063084026061029029131131131131029029078078012083;999092999991999999109909999901099009099919009999999903090999
F7;1763635060899;029029061061061061029029013018084006050005033009024006050057072143015006092092098091091006092012098098043051;909999900099999009999911109909199999291909999009993999999900
F7;1763635151499;006006006006015094085077022005121121085077022115121018043077022079104104024110022101104104010110012044068093;999929909910991999919999999099190909990991999010999309009990
F7;1763635258554;094015051133057010027027005133133025073073135135135033073073121121104104013039038121104104037037037047012052;290991999009119999991099999999910909090999999909990003099999
F7;1763635341106;016016012010077000016061034034077000024061034034077000005061033050050000082061031007013056082028015004051084;999909930990990999999901999990909199991909909900999909012990
F7;1763635396611;016012013042133039016016135042133133072030135042057083023023135113074065023023047005088088027027015033088088;990009399999199990999009199909109999009991999901990999999219
F7;1763635576451;015058031024072068047058105029029061007058005029029061010077077077040061085085052054040061131131131131012013;290999909009999909099901999091909999999091999901099903099999
F7;1763635612753;065037012039046046035037104104046046121037104104013017121121138134134005050050105134064001042042042010130015;099999930990091999990109999990091999990909919999199001999992
F7;1763635646947;073073012076076084073073021076076013057143021097099112066066066066047112005093043036036001135135135015036052;999909939909009999999909000901999999091099999009019999099299
F7;1763635704409;008008008012057048000000000000092092115065053053095092005077053053084102013077134134050111015077010134050018;999909903909990919090990999199909199900999909090999999029099
F7;1763635724794;066012015058058058066145035036036039066032005036051052066085085099054001104104103103130044104104103037037037;992999391991999099099911199909900990000999099099099909999999
F7;1763635896498;131057078029029047131010078029029013131088088145080012131088088030060060031033115005060067015042042042095067;099909999990909099990909913999199990199999901111929999999900
F7;1763635994798;052012065014014014000046046063110110000046046018023023000002002013023023000002041001109047004005067067089015;999990300990900999990999099919999999999900999909000990991912
F7;1763636022400;039077077077012083066066066066054000005027067067025000004027053053111000041032053053055000010015135135135013;999990990309991009900919999090909999999199090999902990099999
F7;1763636094743;006021021077039027006131058077111027006131058077011145006131058005035013074131084034034007083012052034034015;099999999099909999990091900999999991990991000909103099299999
F7;1763636436593;072019029029122122012133029029010058131133133038013058131078078005114058131031084034034079131004041034034015;009099999993090999999909190999199099119090919099999099290999
F7;1763636669099;002012098098108108002002098008008008099014014014052061063089145114070061055005034034004061018013034034015061;999999399099009919990999999100999190000199999190909999990929
F7;1763636953698;013012130097046046067067061102046046121047061048043072121121061110033035005103061110088088010103103015088088;990090309999009910909999900999999999001999991900909999999299
F7;1763636995044;058012024034034143058075075034034099058048075013072131130005041085085131028022022022022131081015003003068131;999909309901909999990019099910999190991099999999919099929990
F7;1763637085837;052121121065012057100096121089118084015069135077077077021021135005133059034034135044133133034034006006006006;999990990300900090991999999209991911119990999999999999090999
F7;1763637344597;036036098098065022036015098039105022071041014014014022032010029029008022005110029029008052096110012068008044;999999999099909902090919990199999099001999999199019399919900
F7;1763637514353;083002002131012066089005002131042066134134010131042066134013047131042066015140004109145021058058058114041021;991990999391191019999999099999999990992090909909090990999009
F7;1763637865746;067029029039096013067029029052063080135077077077048031135035074053053012135005030053053078061061061061015078;999099999000990099099099990990909909939909999119001999999929
F7;1763638041382;024008008008121121042042042038121044012089026091091138131131131131092092113041088088015092072005088088099068;999990090999990990999039099910990999091999991992901999991900
F7;1763638430874;092110110083012052092092005006113011042042042006074066015145096006013066134134081006004066134041135135135066;990999909309919090191099919209909909999909999099090999990999
F7;1763642726600;039012086069005044029029007047121121029029036036121066042010036108095066042024004108015066042077077077052066;991190319109199999009099999099019099999909290999999909999909
F7;1763642844992;047015073073065006093145073073005006112000000000000006112044086089100006121121019094092092121040040035012092;929900999990991190999909999909099990099909019990990003999999
F7;1763642969995;083066069070003003012066053053047112018066053053048112068066065014038042104104044014100042104104005014015042;000099999903090999999909909999909990900199999901999992990199
F7;1763643141293;024100131131131131009005135135135015138008097052053053094008113044053053093008110078076076057012110078076076;909990099991199219999990099199999100999909090990903999999099
F7;1763643227602;042015086038024058042072100050050058042005131076076058013109131076076057027027131011046046018096131012046046;290909900999099999990911990999990900990099999910990939909999
F7;1763643397659;015066066066066047098098059005069089006098018074068017006042008008008013006042075075109003006042012075086003;299999991909090099019099909909190009999919999999099390999909
F7;1763643619844;060060042038030005012060042089013067061083042064000067061050104104000069061050104104000015061035051109000018;999109991013119990909999909990991909999999920999990909999090
F7;1763643892348;037121121008008008037121134015044005037086134134023023079047112112023023069131131131131038094100068012001024;999999992919999090999190909099999999990009919999100030909990
F7;1763643936053;110006012093018052110006034034048031077006034034043068077006088088005080077044088088047027051042042042015027;099099930909099009990999999999100999119099919999009099999992
F7;1763644050840;042042042001005061012133133062008061104104133025008061104104002002008061085055056002015068085044018026138024;999109091193919999909990999999099999990009209999990009999900
F7;1763644192041;134134006006006006072134013001051068080093010041100015098098023023110008012098023023110008066066066066005008;909999990909909900990909909090092999999999993090991999999911
F7;1763644212494;094070000060060035033005000060073073013017000006073073072032000006058012015102003006058024027027003006058047;009900999099199901999999109919999099139109992999099999990990
F7;1763644363394;061105096098098015061039083098065042061073073005019042061073073089064042027027053053050050057012053053013010;009929909990999999910999999999109991090199909090903999099909
F7;1763644380445;047037012130122122069037009034034066038037084034034066050050005086068066088088042042042066088088031039015013;999090930999919909099900990999109901990919999999999092099099
F7;1763644491900;072000000000000083018054040040036106012131052082036036068131071082015042013131117104104042010131005104104042;099999099900099990999039909990999000999999290909999999901190
F7;1763644564445;083012058005046046100080058068046046102011058024013015121006006006006082121121114092052082008008008092092065;991190390990999991999201999099009099909999999000990999999990
F7;1763644612697;010012061004088088071112061017088088095112061014014014106013061034034099111103005034034040051103103015083040;990990399990100909999999099099990900990919909199909990999299
F7;1763644725452;014057013033006024014135135135006010014019092048006015134134092092006070012134031005106063061061061061085085;990009099990999099999900909099092999999999913911191199099999
F7;1763644988894;068083061061061061081143082005044015067064082077077077067109001029029065133133100029029138133012066066066066;909990990990910990919209999991999919990199909099993009099999
F7;1763645197853;003003043055048072012101053053005113108094053053121121108068140075015121046046083075075013046046022022022022;911199199003099190999109999990029999990009999999099999990999
F7;1763645464750;034034012008008008034034011093044096115029029122122068005029029052059010121006006006006001121121015003003018;999999930909109019999999090199999090901999099999090990092999
F7;1763645750779;083145018067067015013135135135064047105035010005007021006006006006130021053053029029121121053053029029012121;090929091999999009910999011009999999919909199090999993999999
F7;1763645882477;083064012044029029006006006006029029084008008008091091005035033059053053063145060060053053051086015060122122;099999030999990991999919999190009099091909991999901999992909
F7;1763680767395;064072022022022022143110110104104048088088114104104018088088035014121012038045005014121121130015013014003003;099990990990909099999090099999909999939909991119919991929019
F7;1763680904386;037037037015076076005000047096076076068000062071052044014000009089098098014000105060098122014012051060060122;992991999991990999009900009999990900099900990999993099999990
F7;1763680988837;058058058103012065024075075103103081055018075009007006066066066066005006013015085085080006035025077077077006;999999909309999000991999001099099999910999199291999990900999
F7;1763681126986;013061061061061015135062072003003111135018038005060060135068014014014060031046046041075075010046046012075065;099999099920999990090199019999199099990919090919999939909990
F7;1763681319236;039053053012078078059053053030073073111133105019073073013133133041005143022022022022121015018003003068121121;099999993090901909999990009099991999119991999991200999999099
F7;1763681412181;072008008008053053022099057013053053022070075077077077022113075075005109022002002091091019052012002010015100;999990090999999990090999099909999909919099110919903909199992
F7;1763681509432;015134134012010061083005134071097061052032053053048061103103053053013061067103085085023023067004115019023023;299909993990190091919901990999909909999909900999999999990009
F7;1763682118284;037034034077077077037034034015108055037062013004108019051138066066066066060060001026005018060012022022022022;999999999909992990999009999900010999990099199191993119099999
F7;1763684744177;006006006006089018012009121121005109068101081121013085088088097103103085088088114065103015112112066066066066;999109991193199190990100999900099999999900929999909099999999
F7;1763684946067;077077077012015040104104022027096040104104022027005044099010022042042042023023022052035032023023083114019093;999929903999909199991990999009110999990990909999099999099000
F7;1763685218726;134134047064012052015134066066066066099005113008008008086081085044016016004115085034034016077077077034034051;990999990309999920991991199110909199099999090099999999099099
F7;1763685257531;035010012093046046064087074145046046083014014014134134001142005133133134053053003003133044053053015058058058;999090030990109991990999999019999010999019909999999919999299
F7;1763685586431;057012073073096013016016073073009024016106084099138052014023023002002083014023023005002015014040040135135135;999900399099090091999999000010999991909991999999999919209999
F7;1763685600476;131131131131013022052035018042005022009036036042058022045055036042058022065017134134058015091091012134093024;999999990099901100999909999009999991990019929990990390999990
F7;1763685712828;065012037044134134034034037073073134034034037073073030058005089133133095058057096145133050058015083059010050;999090399999099999999099090919990100999909909090999900929099
F7;1763685798027;061061061061012013015068042042042048063083010002002022040040005002038022067067043076076022064106143076076022;999999090309999029991909990190999911909909099999909099900999
F7;1763686033970;122012066066066066122022053053038083050022053053032063050022057005052044047022084058058058039064014014014015;999999309990190999990009990999100909990991999099990099209999
F7;1763686066671;016013065071080039016016010035133133015084005082082133143045031053053014058058058053053014022022022022012014;990009090099999990099990199291910119999999999909099903999999
F7;1763698291705;003003010088088091012090089088088091006006006006044022014035009130005022014034034143072022014034034038015022;999909009993009991990999999090199909119909999990999909999092
F7;1763698583810;021012022022022022021080054114027027031071061061061061053053075075004037053053075015010037047102005013097037;999999309999000901099909999919900999999992999999001199990900
F7;1763698849657;024092022022022022110092092081010095110008008008038007029029005014014014029029143113098098015068013065012098;099999999909909999900099990091190919999999199900920003999999
F7;1763698922954;096036036013014066015036005055014066016016073073014066010016073073001066113080035071107012052135135135027027;199992990999199999109999909999999909900991090091300900999999
F7;1763699138707;044104104067134010074104104067134134047014135135135025081014005143076076056014016016076076015039016057012052;999900999990909909909099999991190119191999999990929993090099
F7;1763699165913;013023023121012024022023023121121135022102002002086135022057002047052135022038058058058005082082015045113084;099999999309909190909909909999009909999999919099990990199211
F7;1763699212008;104104131010015031104104131002002055044061131002024079083061131122122005012061134138108065004061134134108143;999929990919999990999109009999991011909909993900999999009990
F7;1763700934804;018012042042042077131131131131109077055036036090005077068036010089003015053053083121003059053053044121121024;999990309999999109911999019099092990099099999099099990099099
F7;1763701026957;016016039010085004022016073073085070022015073073027031022013029029027135022005029029071135018140025059012135;999999900909090999999029900999999909909999991191099903900099
F7;1763701065098;047016016108108015094016013029029135093062057029029135131131131131018135006006006006007005010012051145050050;990990999920909990999900999099099999990999019991103909099099
F7;1763701213153;075065072077000068075075005077000044122122058077000041034034058100000012034034058032002002086039015010052002;990909099999011990199099990909999999039990999990909209909990
F7;1763701258202;065061061061061015034034005008008008034034038070010013012003103103088088035003059103088088021021011017018052;099999119929919999999099009910999309999999990090999099090009
F7;1763701366802;035012052106104104037037037056104104099131131131131064014002002078078017014002092055015138014005092092013018;990090399999900901999999990019990990999999909912990999091909
F7;1763701540003;133133112121012013068133112121121100088088058058058066088088081028086066052039015064005066038022022022022066;999999999300009090991999991999999991199029199990109909909999
F7;1763701658960;018075075029029051115130075029029061055076076050050061143076076005042061091101031035042061091012084044042015;999990999909009000999999199099199099199199990090993099999092
F7;1763713477761;016003003133133044016016093133083047024071080035062031012037037037088088000000000000088088015042042042005018;999909099999909990090009090900909399999919999991999991029919
F7;1763713544669;018025017084100015053053013077077077053053031110110005036036000000000000036068045076076012122122138076076039;000929990199999999099199099909901909999991999009399999990090
F7;1763713583763;109052093005027015098098073073027001004098073073026013042011019037100018042002002037088088042002012037088088;090190919929999109999999990901909099099019909900999399999999
F7;1763713615729;004037037037015000080005047013027000014014014051027000012006006006006000116060060053053030010060072053053039;999290199991990919099999099919909399999909900909099999009099
F7;1763713692341;013130042042042022015074006083057022075075006018039022085075006069063022085005006016062012077077077016016051;099909099992909091999999999999009999909190099199309191999190
F7;1763713961491;002072108108029029002002104104029029032039104104028013008133133058058058008133093005113015008012081026059004;999999009999090909999909900099999999999991190199293110999190
F7;1763714041554;006013012018133133006062118101133014006076076109131014006076076145131014010033089005131091015122122057131091;999999030900000999109999909999999991999991990019099109929999
F7;1763714120589;109057012029029072113071063029029044065036036037037037042048036005092010042067046046092092042067046046018015;099900939990109901999099099909990091199999990999999999290909
F7;1763714208111;044026016016012077083073073016032077085073073066064077085005027066096065015069027066023023130031004066023023;099999099390991099919909190919909990909199999990921099919999
F7;1763714578894;015052040040115058135135135010001058122122005086109058022022022022029029068070055142029029131131131131012044;909002999999990999190999909091090999999991990001999903099999
F7;1763715057723;134134006006006006134005109078078012015143007009029029046046010043029029046046133133035071040040133013051059;999999111999199329900990099900099999999990909999090909099990
F7;1763715266878;016012102014014014016016135018083066039061135060005066095061135060060066145061109091091066035061115013072015;990999309999109999990990111099999999990909990909999990200099
F7;1763715629904;042042042012072051022022022022027027103103038087001006005103105004108006104104094010108006104104015044045006;999999903009990991909099009990009199991909999909999999992900
F7;1763715704187;084018131131131131134134061065001015072134061102011057135037061005110110135037061113075012135037044030075075;099990909999909299991900910999199909999991099909399919909019
F7;1763715815652;122012040088088058122090040088088058061010007121121058061051063005121013061145028073073035061065024073073015;990999399990199000199999199990199909909901990999090099999992
F7;1763715866172;042012013037037037042000000000000006042057083110110006002002093081072006005002094121121006086045055015121018;999999309091999099909909099199009990991909999909919999011299
F7;1763716027519;066068122079015047066024122082104104066074005082104104066115070069036036022022022022121036010012044018121121;091299999909999990199911009999999000091999999990903099999909
F7;1763716302253;046046012047122122046046000000000000015013022022022022059038102086060060065032005067067060042042042096111068;999999930909099999199990999291909191999191990119999009999900
F7;1763716375155;083113019094012035103103131131131131103081029029013067077115029029005067077028078078076076077018015045076076;000999090309999999090190999009999999919090199999990999999219
F7;1763716588809;098098015037037037098096058005089013003010058115018000003103058030068000012103103100019000052022022022022000;992999999100991900910999999999199011099999993990099009909999
F7;1763716685910;004015076076046046082065076076046046082005113095013085105094056045059085098098061061061061098037037037012024;929990999999099999199091009019999911190999109999999903009999
F7;1763716851203;010065012036036024061061061061036071140005037076076013047058037076076001145058037103035085015058018103103085;999990030909999009919091199019999999909999001909929999999099
F7;1763716964356;015039061061061061088088057082082074088088005086019084044102031008075075104104051008075122104104011008012122;909992999909999099099091900901099091999999999991099093990099
F7;1763717366051;015094131131131131042048140005109143042066047114076076042066040040076076039066145098098122013066004098012122;299999199099119099919009999990199999999901090099099993909099
F7;1763717443134;024058043005074091059058130134068091012058051134134015084104104007028013075104104135135135075075066066066066;911000991090099999099939992909999090000990999999999099999999
F7;1763717614337;061061061061012013094005102032104104067068075075104104067052108075051043015002108034034010047002002034034018;999999191301901919099990999999900900992999909909999999909090
F7;1763717687893;013133133083010093012133000000000000130080058005103015004105058109103103067047058052088088067077077077088088;090909919903999990019909992009199999199099099909999099909999
F7;1763717720696;018012131110110014023023131112044014023023131112005014009041131039071093004073073134051079010073073134134015;990900399999119099999999919099919099010099919990999999209099
F7;1763717971185;061061061061039015062052131057046046099110131083046046060110131086005018060060131036105013085085012036036143;999990999020909909999999999099019990909099199019990391099990
F7;1763718288594;006018122122114072006047138037037037006133133005004015006133083053053039012088088053053112044088088081095112;099009909999999990019209909999199999999009903919999909909900
F7;1763718751264;006027094134012135006027005134134135006011059076076135006013015076076042029029009031072042029029010068115042;091999919399199091990991999902999999909990999009099099999900
F7;1763723224517;013040042015029029089040042041029029001143042005133133018111068098133012030046046098098047083046046077077077;992990999990990909909909199909199999930009190909009909999999
F7;1763784070542;104104068077077077104104122122065015009055005008008008045013029029103103098098029029064103098012010072038024;909999990999999909090211199199999909091999999090993000999990
F7;1763784417885;047029029042042042039029029019018013092092106138040040012092066066066066034034010008008008034034115005057015;099999990909999900000999999990009399999199999099999919291109
F7;1763784710632;024012083084005051066066066066098015037086034034098098037140034034112112037080063029029082013041068029029082;999100301199999909099290999909999999099099999009990099909990
F7;1763784959079;008012044076076005008053053076076037008053053081057037096075075052015037043075143048103103039010067067065103;999919309919919999990909099909099099920999999090900000999999
F7;1763785086180;010024096077060060014014014077060012050005013077086061050045052023023061072097092023023061015048092092035061;909990909999911301090999990919099990990199999999991900929999
F7;1763785438184;015017096108108081004135032005104104112135010066104104112135043066028014044029029066142014051029029066012014;219909919900019999919999999990909099999909090901099993909999
F7;1763785632592;024084012100060010000000000000060060079046046042074038005046046042051004098041013042108108098098015008008008;099099030909999919009999900199900999991999999090990909992999
F7;1763785973708;044094004104104040015100043104104040111078051047026061134078008008008061134134076076113061005033076076012061;090999099999009929990090990199099999909099999991019993911999
F7;1763786163360;058058058012044018092092059113000011085092068102000019085088088005000014015088088096000014131131131131047014;999999903009901099999099099909090191192999999990999909999990
F7;1763787486023;076076013041012022076076005091091022066017058058058022066095068079065022066015143038036036066021021010102036;990999990399199901191999990910099999909290909909999090999909
F7;1763787817664;016015068122122066016016005013052066065097113091091066104104007053053066104104096053053086037037037012051145;299909909999109099199900990991999901909999999099099039099990
F7;1763788134711;058058058040040015095001005014014014115034034044041051100034034072023023108108062025023023004012131131131131;999920991999119901909999990099909090999109999900903099999999
F7;1763788444814;044048066066066066108108047005075010038084046046075075098098046046068015097098088088138081052012088088021021;099999090999901990919009999099992919090909999990003999099999
F7;1763788656765;112112070000052042083055045000059042015103018000134042058103103000134134058057006006006006058005030044012065;900999999090009099999999990290999990099999099099999193011099
F7;1763788829862;098098131089023023012098131044023023083005131026024050073073131096041050073073072047103057015077077077103103;910099990993999999990001099919099999099999009990920099999999
F7;1763788870761;042016016015010039042016140083079037042005145029029037067013036029029037067115036036142012051000000000000068;992999999009009991990901999991999909909999090091399990909990
F7;1763861681447;100104104080072040047104104099010040067067061061061061057032005098098012130064044098053053015058058058053053;090090990999999090909099999991919019939199091909929909999999
F7;1763862369300;104104012042076076104104077042076076061032077042072013061005077068038052061060064108108047061060060015130100;999999939999990990999011009999099199909109099909999990099290
F7;1763863389952;013015036036098098053053005036098027053053028042037027072026080042037097070088088042037032038088088057012083;929990999999919999190999999901990909990919909911009993009099
F7;1763863956504;047104104015042057067104104143042044067010134134042005029029093134103103029029032063103048037037037012072083;999200999999909999909090991099991990999909999001090930099999
F7;1763864622701;000000000000084013015068005037034034122083047037034034122023023037039019134023023058058058134134052048012024;999902919099019999999909999990990099999991000909999903099099
F7;1763878751540;072047012075075131135135135025075131145007003003051131046046042005016131046046042004016016044048042079024015;999990030999999991909901999091909991109990999999990999209009
F7;1763878996595;061078078052035010061051135135135099061066066066066086061042042042094012015084005034034044110110083034034039;999999900009099999990009990999119999939910999199021999990990
F7;1763879133294;085085002051063057053053002002131012053053048007131018105059005070131014013088088050131014015088088050010014;909009999099091399919999190091099919900190999999999999929990
F7;1763879183249;027012006006006006027002002130145068016016002059048067016005088088143067076076088088015099076076044026052072;999999309001990919909999909919909919900999909992999909090909
F7;1763879480440;125012051003003057066002131131131131066002002084005065066008008008134134066058058058019134047044063072052015;999990309000199999991099099999019999999990099999909090290099
F7;1763879716287;131131131131012035067018006006006006067026053053027055130100053053027106010121121005041044015099121014014014;999999990309999990991090999099990099199091900910999990921999
F7;1763879950140;050012073073016016050007073073010016026043006080113000083068006005138000075075006110097000075015006110013000;999099399090199999919900900099109901999990099099999990992999
F7;1763879979083;006066066066066024006112008008008062006112005077121106006098098077121121015013098077118012083089097093096004;999999999009999099999011199999990999992999099901390900900090
F7;1763880246885;046046097029029013046046008029029059018122008005038058012122008060060058131131131131060058057071047065015024;900999999909199091990909190999199399999099999999990902000999
F7;1763880266691;078061065012104104078061107090104104068061051014014014005061094114034034092092111027034034015092143027013072;999999903990110999009909999999909190091909999999999090029099
F7;1763880412293;010012001013026015088088062065121121088088140004121024106042042042005091023023027027059091023023000000000000;990920309199909999099999990010019999190990099999099099999999
F7;1763880650986;057024039081027131058058058064027131015010005016016131044053053051016131078053053007142012078006006006006065;990900090999990929199990199999999099909990190900399990999990
F7;1763880798602;022083013092092010022006005092015091022006093041095091022006085085053053038006087065053053068012008008008018;099999909209919999199991900999099099099909990009903099099999
F7;1763880876647;065145077077077083014011032057073073014019078078073073014059053053072015002002053053098028002012044005098098;099999009009009990999999999900999099090999929199993019199919
F7;1763881012269;104104033089025005104104010041015019039037037037013006004110110103100006067067130103103006061061061061012006;900119991909992909099199999999009999900009999909199903999999
F7;1763881130955;094083010055034034100059108108034034131131131131003058104104005044003058104104077077077058015068086024012072;090090999990999990909099919991099919909999199999920093099099
F7;1763881214197;133133015076076051096133065076076005068109048088088064135135135088088012044070066066066066021021110110094072;992909999990909100999190991990999990930099099999990900999990
F7;1763882209296;000012052040028026000063074040053053000035006130053053000011006005122122133133006098039051133013006098098015;999009309900199999109999099909990091999091909990999999990992
F7;1763882698205;051006006006006021007031023023067021016016023023067068052016002005100015011063002002102041013012131131131131;999900099990990909999999990990999919190191120999103099999999
F7;1763882996696;064070097015060060005131085085060057042131018008008008042131073073065051042131073073103103052012102115013103;112991999999099919990090999999099909999999001990903099999009
F7;1763883146158;110051073073042015110083073073042072043122022005042131086122022014035131096007022014100131013012022014001131;909929999999099909099099119099099009099999990199003990999909
F7;1763883266153;065134134008088088012134047008088088051036036008086013010036021021113068073073005043045081073073058058058015;099999999993090991999909090999909099009109999111199999290999
F7;1763883387404;131131131131052065013066095039040058015066112094040058008066112046046058008066089046046012008005063055106057;999099909900999999009999909299909999909909999919390199911000
F7;1763883604602;015033063145052131057032077005106131065122077023023131096122077023023131104104060060036036104104060044012036;211999901090099990910999999099999099999990109999999903990999
F7;1763883838145;051000022022022022012000057103103010044000134103029029086000134134029029038071059005039015003003072135135135;009999999903999999099901009999999099990991090099990019299999
F7;1763883899649;015037037037018039022125013005041080022083134042042042022057134134092024022053053021092092109053053021012052;299999991000909099919090999999910999999009999990909993009099
F7;1763884373696;024012010005075075092092008073073075006092008073073015006048008067080058006013095067068058006039018086052058;990190391999999999999201199999909900909009099999999009909909
F7;1763884403703;021130018134015083021082037134134005062082037047023023043044037138023023000000000000034034068097048012034034;909299099909999109999109909099999900090999199991999039900999
F7;1763884486492;006006006006085085060060035063094048015060091091010113053053037037037099053053023023142080024005023023012044;999999990099909099909099990209090999999999009991091993001999
F7;1763884852009;005113033070015014077013052022035014077023023022143014077023023022003003060060071022036072060012065109036036;111290099999909999990999990999990999991099009009993009999909
F7;1763885003225;037037037104104068055091091104104086138013063080094012010034034005122122018034034060060024022022022022060015;990990999909999009011990093099199990099991990999099999999902
F7;1763885199317;010012133133088088008107133102088088008037037037073073008085085005073073092092013062068083092093064094017015;999990390990090991990999999999199099990991909990990019990912
F7;1763885342957;022022022022012047008005013059054048008068072094053053008104104031053053015104104039134134000000000000143134;999999101301991090990999909990099990992999909990999990999909
F7;1763885449423;008008008012086096023023073073009061023023073073056061091091057005032061103103013062072061103024042042042015;999909903009991999991990999909919990190991099909999919909992
F7;1763885479224;015068121044029029075075121121029029065075005069080084094006006006006042105110110143032042039037037037012042;909092999999999999099001110999919099900999199990909003999999
F7;1763885749815;083012093135135135088088006071123108088088006023023108010005006023023051112094006044016016112015068047016072;990990309999000999909999990919999999900199091909999099929900
F7;1763885799295;068016015014014014017016016013077005026038088088077108002002088088077108018002011048053053010064024012053053;992990999919990909099109999909999999099909010091990039909999
F7;1763885934042;077131131131131047077004010014118012077060060014121121112112060014121048064138106005086099015066066066066044;099909999099901390990999099909999999909991901110929990099999
F7;1763886005423;035002012073073096048002002073073005061017008081044122061018008053053122061083008053053043061024065021021015;099919939910919900090199099909099999999999910999999090209999
F7;1763886034350;015051014131036052108069014131036036108019014131029029062005085131029029039100085104104012004026013104104018;999902099999909990999099999109999110090999999019390999909090
F7;1763886089897;068015088088046046075075088088046046075065039095083028005014014014063048085085032118133013135135135012133133;999990299999999999909099999100000999901990099110999039099999
F7;1763886284539;015039001032111013006048058018029029006094058042029029006005058042069072006034034042067067068034034012040040;990002000999099999999919909919999991009119999990999939009999
F7;1763886376939;057065131131131131034034091091098084034034045005098098015130010013060060073073058058058060073073097094012039;999990099909991099919991199919919299099909199999999903090099
F7;1763886457946;022018012051046046022008008008046046022005104104065027022028104104064027044009039068084052015135135135040040;099999930991990999099019990919999999090199099099091909929909
F7;1763886633189;083012013009092092121058058058065092121121068130045015076076005007088088076076069038088088024027027077077077;990090390091999999099999912919199911099999999009990909909999
F7;1763886795486;073073015064005096073073074084066001072135135135066012085085094058066050057023023058066050013023023058010065;999119921919019109999999903999999909990909999990099999009009
F7;1763887125780;104104095019103103104104036036103047131135036057109074131135071087100044131135005078078072131012008008008015;900099999999999909999099990990000911099991990919093199999992
F7;1763887212072;035052027016016135029029027016064135029029014100062135015138014075075012013072014005075039109074061061061061;909990999999900999990990900999099219939999999919000911900999
F7;1763887427242;104104048131012010104104011131053053072060057131053053058060060131050050058115082063005065058015082013041109;909999909309909999099909909999991990999999190011999900092990
F7;1763887557274;052006006006006039012078078024075075061086080076076075061003003076076013061005068065133133061081106017015133;099909900093999991099919099990999999999900001999991999991129
F7;1763887682222;039012134134121013023023115134121121023023087083104104008072135070104104008010135005086015008065135004040040;999900309999999999099091099091999090099999999011999901290999
F7;1763887752620;102007060060057000095015060021047000005114061021130000003003061052042000053053061107042062053053061012042013;109901299999999019999911909999909999990990909910099939090999
F7;1763888032276;044012094105111057109062029029102047036036029029005008098036055122122008098098083088088008014014014088088015;990000309990199099990990911999999900999099999099909999299099
F7;1763888188622;068041047134134013076076130027134015076076083027108043131131131131108111092092064109005143092012006006006006;099909009999099999990290999909091999999191019091193099999999
F7;1763888744269;133133057085085072051133005086015106060060076076046046010060076076046046044084069042042042058058058100012018;999999901200919990199099999099999999999091099009909903099099
F7;1763889905821;005045043025015072133133053053121121133052053053057121135059065108023023135054032108023023135012042042042044;111290999909090999999909909199999909999099991009993090999990
F7;1763890151716;061061061061012035024033017110110026010064062008088088100048005008088088014014014008053053015078078013053053;999999990300009099991990119001999099999919909999999199929909
F7;1763890321059;060060097015065042000060005013138042000057034034003042000064034034003058000101098028010058047012098098043058;912999999099109999190909990999999919099199990000903999999900
F7;1763890469715;010015135003023023106145135003023023075005135004053053075075013019053053012008008008039074072064066066066066;999990299999190909999011999999099909999190903999090099009999
F7;1763890720906;006029029016012042006029029016016042006037110039011042006037110063119052133037015138074013133133111005100068;990999999399999999901999990999919990100991099299091900991190
F7;1763890983016;005066076076012000135066076076009000135066068075075000135066013130075000015091030011025039010091038045085085;199991999399191999090999990999999999092000999900099099909009
F7;1763891038907;051005069100012013002002084104104080002108108104104079015047061061061061050050083035121121010022022022022121;911990191309909099099099999299990909999900909999900990999999
F7;1763891167561;010114121121012008018024004121080008098005033063130008098098053053078078105015053053073073077077077013073073;009999999399901000919911109999909909990299909999909999999909
F7;1763891278564;015042042042005083131131131131071050013029029100030050051029029080142039061061061061092092018004122122012092;299109999099990909991999090999019099009990199999909903990999
F7;1763891317340;010015056077077077030031003003005000018025037037037000022022022022055000013121121092092000068140121092012039;921990999190999100909999999909909999999990090909199993000999
F7;1763891402615;037122010092092047037122069092060060037072007096060015061061061061005042012101073073057042065093073073013042;999909909990999999009299099000919999109199993099090999909909
F7;1763891443166;015060060052013067143005060010019067110061064055041043110061062008008008012061053053104104004061053053104104;290999999091109919990099009990990190999909993990999999900999
F7;1763891728488;018094015045060065037133133005060060037068133011100044037048135081067067029029135076076012029029135076076024;092199099909991999919999090909109909190999199999399999990090
F7;1763891815541;145121012083013112005121121073073112082000079073073001082000097055068039106000134084046046015000134134046046;199991930099909010099999990990090999991900099990929999999999
F7;1763892138392;014014014034034052068077113034034012047077108108075075031077044005089075140065121121076076010051121015076076;990900999999009399091909999999999099110901099099909999990299
F7;1763892539889;133133004122056015133113066122005024052013066047022038092072066143022037092092066009022037077077077012022037;999129009999091990991099990099099990999099999001999039999990
F7;1763892729202;065053053011086024043053053004130081066066066066074135037037037005027135071133133134027135013012133134134015;990090990009999000999999900099909991991991991999903999999992
F7;1763893019639;002002012066098098002065089066098006028021021066047006094088088066010006035088088005013006015042042042072039;999099939999019009990999099099999090099991990990999919029909
F7;1763893077886;039093060060015122010005060016048122050050044016016057034034000000000000034034089100145024083012022022022022;099299099990199091990999999910090999999909099009003909999999
F7;1763893222050;072012131131131131113029029140094027024029029077005027133133013077008083134133068077008001134134138010008015;999990309900911909991999099900919999900999999099199999290099
M7;1763896772470;061061061061012040013104104102087040047104104037037037068005069011103103007143027073073103031015027073073024;999990990399990099991909099999919911190190991909919999029999
M7;1763897446777;057041014014014015086094005050050065046046034034001038046046034034075075066066066066145075052012027027105013;099929019990909909199099990999909909999919099990903099999900
M7;1763897567879;022012085085015003022053053005070003022053053063097068022001088088043008103103088088013008103114010109018008;999929309999991199919999100900999099000999999990999909900909
F7;1763975005205;037037037015010006083094005040033006140013075040093006046046075075057006046046066066066066067067145012018102;992999199099119909990990909099199909999991009999999039090990
F7;1763975106100;092083091091019015092092005053053004131121018053053022131121121062065022131013119029029022131052012029029022;099129919999199001999999999990099990099919999009999399909990
F7;1763975319498;010012104104130068073073104104005082073073065047008082002002105100008013108002051018008015108140000000000000;999900399099191999001999990909999900909990990099299999900999
F7;1763975341806;015044005122134010135135135122134134046046045029029012046046035029029102121083051041047074121121072008008008;901192919909999999991990093999999990900090909909099999099099
F7;1763975372503;044066015025098098052066072047098068077066026145005074077066091023023037077103091023023037024103103081012037;092199999990990999091099091999091999999099990909199903909099
F7;1763975419803;065012143013029029095058133024029029032058133133005068097058076076014085055092076076014085130092092052014015;990990309999109909990909910099919909990999999999009909909992
F7;1763975579825;059121121140131006013121085085131006015004024040131006135031009040131006135065034034087012135005034034096039;090090999999990999909999999200999909909909099991390990911990
F7;1763975829785;072012134134110110022066134034034027022066039034034027022066013084048055022066005068065051109052037037037015;999090390990099999099999990999090909099999009109909199909992
F7;1763975867726;131131131131012050066066066066009050112114068013081001112007115052005077023023024076076077023023015076076077;999999990399990190009199991909919000900999199909999999999299
F7;1763975951387;145068044086108072056059009048108014076076010110110014076076104104015014012113104104134134061061061061005134;099000900999009900999999999990099909929099913999991991999919
F7;1763976231027;082015013076076065082025005076076006061061061061019006096047058133133006010138058045133006067067058052012068;290909999991199999190999999099109099999999990000099993090099
F7;1763976277728;143066066066066072013133133005010039012113133092092102000000000000092015053053095079074003053053068027027003;099900911999990999919031990909999999920999999000099990990999
F7;1763976538675;057134012067073073145134134067073073046046042014014014046046042138103103064080042005103015065018013030099001;999090939990999999109990199999109999999991990099900919299011
F7;1763976641729;082058058058012013082075094133133030131075075113133033131018083069088088131015035005088088131109045042042042;999999909300909009999099019990190099999991999909992919991199
F7;1763976888573;004061061061061038135046046005075015135046046091075075135043121091102010012009121121081013131131131131105083;099919901929990999919999999999990001099999093199090999999900
F7;1763989197369;098098036036048008012098036047130008006062111100081008006005064135135135006057112034034039006015112034034044;909099999093990991999910090999009119999019909999999999992090
F7;1763989286755;022131131131131052022068043085071044022005033085036047022143112112036036019024034034016016015072034034012016;999909999099009099990991199919190199191999199090929993990999
F7;1763989549579;047029029112112052000029029037037037000035044078078015000066066066066115000098098005099094083012098113070065;990900999990999999909999999900092999999099910991103919999100
F7;1763990197773;131131131131069035008008008015083013005115086122122097012000000000000026076076110007052072076076110135135135;999000999999929919990011999991900399909099999000999909099999
F7;1764039969329;042052041131044015042051026131046046042109028131046046088088031131005014088088036036039014068012036003003014;909999909029909990999990099099910991199919099199903999999099
F7;1764040282931;066060060041019038066060047005068015066008122087083085066008122073073085063008009073073010013012006006006006;099119991929900999919999109999099999900919990199903099099999
F7;1764040814534;065130012008008008022022022022051044068088088042091091121088088042010005121121047042034034117059083015034034;099999030909990909919999019999991099099909919999900999990929
F7;1764040850989;004005022022022022102001006006006006045081075052118012015024075075043044103103038058058058103135135135003003;019999191991999919991990903209909999999990009099999009099999
F7;1764041132176;036012061061061061036036087038047022072134134081005022068134017082082022122122073073015022064052073073013051;999999309099119909019999911999999900990099999099209999009909
F7;1764041171829;108058058058012131108005092092094131002002092071062131105002135051013131015004135010076076047030135083076076;999999191390991991909999900190009999992999909909990999900909
F7;1764041259131;058005008008008015058134134083022039058134013055022061057062018021022061133133009021022061133012100070056061;919929099999999999909000999919099909990199999000993099999000
F7;1764041603537;042042042005078078015010076076023023068083076076023023135135135085085065072026131131131131013079055102012051;991992090909999999999999999009109999999001900999999903000099
F7;1764041661285;024023023102094044012023023058058058038041103103060060048081103067067060104104005064015068104104047008008008;090909990093999990199909909099999090999019909919999912990999
F7;1764041760633;034034134012040047034034134134040037058119010051111037058052005074130037058002002013029029015002068043029029;999909993999091090901900999909919991199910909999999999929009
F7;1764041837796;042042042012029029134134054142029029055134044095061052115015041027061077057016099027061077051016016005061077;999999903999000909019099999099199929090919999999999109909190
F7;1764042200265;024131044012110037083131113011110037074131077030048037068131077015064005053053077081104104053053067067104104;099999903999090009019909019099919999919092919991999099999999
F7;1764042516559;047109077066012122096145077066142122015102077066076076135135135066076076010031005023023043035112112023023044;909990099390991099990929099919999999999011900919999999009099
F7;1764042682060;015075075110110131143070075013066131065051005043066131008008008058066131064098098058066113052024098058012068;999902999991190999199999119009999990999999900900009993090999
F7;1764042992573;022022022022068001017015013005003003024010076076002002040040076076002012023023018016016096023023033016052065;999900291909901909999190999999999999039009099999099990090099
F7;1764043019321;022022022022012035014014014063069000085019077077077000085009013041010000075065015098098000075075143025098005;999999990309909990901999991909099090900099999999999299099111
F7;1764043187568;015046046103103083014046046103022105014027027047022096014135121121022044005135121009022063010135012072004041;999992999909990990999099900909999919991990901990099309009990
F7;1764043257659;047088088043014013084088088082014010012046046082014031081046046100092092068048102005092015078078000000000000;990000999990909990999039990999999091990991999090990019299999
F7;1764043309860;067067028115015083131005073073036036131003073073013036131003096077077077131107076076080130065012076076024057;911299199909199999999991909999990990999109090099003990099999
F7;1764043394458;145048131131131131039064111005068015058073073112030012058073073112062008058076076016016008044076076016024008;099990091929009999910999993999919099109909999909099999909990
F7;1764043540851;000015121013058068000069121121058106000095039061058028000096005061034034050027032061034034050027051061012024;999099299909990991999099099919900919190919990019999993090999
F7;1764043607207;065012010044081084130067053053140015022067053053005018022077066066066066022077002002096102022077002068110110;999910300120199999991909919999990009999999909099099900999999
F7;1764043628607;047004012039046046135135135007046046040023023008110106040023023008110072005018015008115041131131131131044024;999990030999909999100019909999990999991099999990019299099909
F7;1764043727658;061012143005088088061042070047088088061042133133050015061042041133050072092044032014014014092092010093018004;991199319990999999109291909999999909900009999909999009099909
F7;1764043833301;145025110110121121049015036036121013037037037036005128024004072047076076000000000000076076065008008008012039;009090999999299099990999019009010999999909999990909903099999
F7;1764043999468;092015018047034034092092059074034034077005039009053053077108013011053053077108030121121079014014014121012004;299099909999900991909999099919099990099999009119909093099999
F7;1764044106670;006012029029064068006119029029013095006134133133018063006134134133027027073073005113140001073073010085085015;999099399000099991999090990999990999099919999011199009299999
F7;1764044146857;013012135111016016030058135073073016004058135073073039041058080134134028053053005052134096053053091091079015;990090399990009909999999999999990010990919909999099109999912
F7;1764048195526;145070111024135015061061061061135057033050133005135006064050133133079006012082076076039006083082076076013006;000920999999999909999099119099999019009199993090999999909990
F7;1764048482958;044012076076106084001131076076034034014131064018034034014131113083004059014131005056134134066066066066134015;999000399900099999909991999991990990909919990911990999299999
F7;1764048826634;085085037018114001108015037131053053108039037131053053064005042131076076057051042131076076084080042013012072;909009999902999999999990099199990119999999999911900993000099
F7;1764049005633;010000015078078059035000008008008095001000013026005067083000023023109067016096023023053053016016039012053053;099909929909999909991009099999019909190999909090990039999999
F7;1764049171236;065069066015014135044091066010014135096091066005014135076076066038108108076076119032029029068043145012029029;009299999999999909909909919909190991999919099010999039900999
F7;1764049701980;131016016083063015131016052084073073131130071005073073131013028026088088061061061061088088068012135135135047;999029999199991990019909199991999999090010999999903099099999
F7;1764049761376;065034034044015008091034034064026008091000082109005008007000082097053053052000142060053053004000012060060010;099929990999990999090999911099199099990901999019999390009999
F7;1764049838861;047012131016016010029029131057016026029029131093021021065043131072091091088088005037037037088088138099013015;990990399909909099990991099909099999990019099919999999290009
F7;1764049880107;037037037012006068111134074071006014072134134066006014016016005066006014016055044066110110015145083066143047;999990903909110909999999990991999919099199909909991990929090
F7;1764049943565;008075075012104104008072075090104104008057071094069044088088096089134134088088083005109134015042042042112112;099999993999010999109990900091999991099991999090999910929999
F7;1764050269581;015134134003003094010134059088088112095024005088088112064030006006006006044000000000000100037037037145012035;299909999909199909199999199009910099999099199999009903099099
F7;1764050359932;035134134047031066021008134003003066021008045093013066005008053053059066071143053053034034052084015012034034;099099999099999099099909909990099119901999091990901939992999
F7;1764050562717;015138095064083082042042042005061082068013075075061006145019037075061006060060037030061006065060037047012006;211999991099991090099999999099999000909990999990999903900999
F7;1764050861460;039143014014014065026104104028071093061104104112052004061076076112082082061076076016005111061012044016016015;909990099900900099990999999909990090999999119911993099299999
F7;1764050897752;002002012000051068015002082000084062061005082000024140061071077000031042061039077016016042061013077010016042;999992939009999091999099099911900019909999999009999999990090
F7;1764050970202;010051031015077067000053053083077067000053053018077005000013068023023037000075075023023037093081075012039037;909290909999990999999009991999091990999099999909100930909999
F7;1764051057664;015024103103077044106045052103077131079026029029077131048005029029086131092092078078090131092037037037012068;999992099909909910909990990199999199099199099191099903099999
F7;1764051120754;006006006006065015042042042071043094060060010005034034060050029029034034033050029029011007057078078013012039;999099900929991190919999919990999999990999919090109003099999
F7;1764051171457;093052015042042042036036115044059005036014014014029029035130140047029029023023003003103103023023048012103051;092990999199009199999109999900999099099909199991999039990990
F7;1764051298706;015045067104104109016005067104104099016016008008008013083017022022022022121042042042071130121121012004026052;219909999909199991909099999919099999990109099999090390099909
F7;1764051328210;015114031092012010004051011092092032040040005008008008023023001053053028023023013053053055022022022022091091;219999919309099109199190199990900909999999909909999999099909
F7;1764051373140;068012000000000000008008008029029003075140081029029003075075130032104104074005103013104104039010103103015047;999990390999909019999900999990999990091990991199900999099929
F7;1764053133875;047012036036015102042042042036065043135022094099005130135022110103103013135022110103029029035022105083029029;999920309919990990199109111999999909909999999900999999900099
F7;1764053217358;065015075075013042076076041075082042076076072005082042031100024003023023084019142003023023131131131131012068;929990999099909099019999999909190099190909990009999093099999
F7;1764053530361;065039130012068000077077077023023000084067067023023000016016044005086000016102088088096010040040088088095015;909990903099999009999909999909199990909991090999090999990912
F7;1764053577362;112112131131131131035026088088045018015064088088075012041050065010075075047050005076076013077077077076076051;909999999000999990990990903299099199999909190119099999999090
M7;1764055439600;000083135135135015000109005049024013000042072027027079000042022022022022018042036036075075047102012036057075;099929919999109991990099999990090099999909990190990399909909
M7;1764055865698;005114100133012131042023023133133131042023023072084131042068103103096131015047103044054089008008008027027010;119991919399919099990999909909999999092999009090099990099099
M7;1764056225443;093031066085012057013100066085036036034034066052036097034034066042005084055072059042046046122122015042046046;099990099309000999999190999999091999110099099919909299999999
M7;1764056320715;103103010133012018103071013133133009039006006006006008021021005029029008033145056029029008015068014014014065;909999099309099000991099999999919911991999999009920909999990
M7;1764056712046;044086066110110135083000066070099135089000066121121135072000066121036036012000114068036015037037037045005018;090999099999900009999909999099999990999900923999991091999110
M7;1764057171644;035012102103025093058058058103103052081076076005067067036076076042029029036036018042029029024030013042015039;991000319909999999019909909099199999099999999099990999000929
M7;1764058114541;068012034034038024064101034034026109061096010013073073061005056108073073061036036108015082061036037037037082;999090399000099091099919999999099111099099909992999099999999
F7;1764058928664;058058058046046064012030040046046018066134040131122122066134134131005080066044095131010115066057026131015102;999909099903109999999900199999990999119909010999999099190992