080808040409030402101109121212121309140604151509141416151501171717181805999992910099909990910999919990919099909999999009099990999090
040804090909101104020603101212131314101212151314101605171814040117171919009999091920990999019999199999999999099190090099003990999999
080901041004080909111010080412131406081515130216171515131816040503191916099999930909999999100990110999919990900999199999900991999299
040408090405101008091111101012091111030413141516170218141515171706140104900990999009999999999990009999990900192999909119991993090999
080805090903080804090410111212021314061212041515161718181815191901202020909929999999999009019009919999910999990900199099900390999999
080809011010040809111104040409111112131409150216061414151717051803151717909999993090999099999999091009991099119909090999990999909299
080801090910081112090410051314140610151614141717041818021717031920202004999909939990009000199999990909999099090901999999999919921990
040803090909041010110412021004131312141415131316171717171818060501191818029999190999909009999919999190990900909199999999900309999909
080805010909041010100911121313131411061515161711041515180211041919191903999999003909990909919909919099019990999999190991999919909992
080301090404101011090912040213131415161613130617161618181805191920202020299991939009909091199999900019990919999990009999990099999999
040808090904101103090912131313140415021604171715051818171715191918010615999990099909999900209099909199099199999109990919099930990999
040106080909101111080904121111081313140515081616141402171616181804192003990990399990900909990099999001909999999919999919990919999012
080109101105081209131415081209131304161209170406161802171719202121212103990099399000999099999990090099909999999199909119109999209999
080901101111051213101111141413151504161613150217161613180417192006040317099090039999099999909990190909919999919999099909909909900992
080904100411080906121213030914141213150914141604020517181919202020011919990909990900999999099929990999909199901909099010919139999999
080809101010080809091112131305141112131315151612031704181912060220210104999999990909099999999999099999009999902100099991991913001199
080809090903101002041111101012041313141516171313141418192006050121212121999929019999909999190991999919099900999199099090003009999999
040106080910111213080410141513080410161515081704160218181919160518180319990000399091009919999919999999909099009199999190999999909929
080905010410081111121210081111121213141515041604171815020603041818191919099999003099919099999099999091900999090999090919999919209999
080909101005040909111111011213131313031415161718191920161604191902062121090900999999999999090939999910999910002919909999999100991999
040108080808090910100511121210101314150216060404171718181919170304181919999990309009199999999091909919000109991909999990992099999999
080809090909080810111213011415151613171715050404171702181804192020031806999999990909000990990930999919900999999990999119009999909920
080910110306080212121213081415161717181804161601181819042020212121212005011299199909999991090091199990999999939999099090999099999900
080809091005030811111112130604041412131515151512161717181912021717200104909099999009999920990999990990099999991999099991019913019199
080109101002080809101011121209131415121216171415181904201403062121041405999919399919119990999199009999999900990900920999900909999990
080409101003080511121313081415121313081617120206181819190420180119192120909999909020999999099900999999919091109019999190993999999900
040108090904101108091212131114141212151114140516171102180319171706182004999900399090009999999901999099990999090919909919999992090919
080309051004111111041012040204131012041414151012161617181812161617011806920990919909999991909909999910099999090910999919099939990990
050108080609101108081209131414141415160217181818160417192020160321042020999990399091090910999099990199099119999990900999999109992999
030808090909041008021104121314151617121314141806121919202020121919050104299999999090919990910099910999919909999900109999999903009999
080808080406090504101112090213141415090416141717091816192020031816012020999999990009900990990011190999999090999991909090929939999999
080909090904080804100311011212100411061213100211141414101516041704181805099909999999999290099939999991909091119099999990090909000999
050803040609100808111209021313111209141415111209141416171218041916010420999990920091999919999999999109999990909909999110090939009990
080910031111080512131111081412020615080404161715181818181715040119191904092999019999990999909909199909109990900991999990903099099999
080809090904040810101104011210101304141414021515161605171715161606180403909900999999190091990939990999199990199090999099999900299099
080809101004080809111112131409151116031705041818040219191818202020190106999999999009099999999019000219909999099109990991991993099199
080801091011080812130411141415161611141417041618190502200318190621202018999009930999019990910999199991999990900019999919999092990999
080401091010081112091010131415151604130215151705131818191920130318061904999099039990009999199011909999909199909190999999099999092099
080209101106081212040313081214140413081514141613171718180405171701191919911109090299999999999999999919909919000919099099999309099999
080809040410080809091111121212121313141415161304141417021819060104050319990909999909999990909099909999090910999919999911103009999992
040808080106090909091010110212131014151616161617150504181919032020202119099999909309999999909011119199990999909999909900920999999900
080909041011080409041011050612121011131312121014131315041603040102171717090999099999999999009999999009990919009910999999203191999199
080808090904041010090911121013061414151516021717181516191717050116200403999999909909909909099009999990090999199991990199903919299109
060809090909050810041104010812131111140815151516171702181819041720202003099999909990999099009939999990090109991999909109009199999992
080909040310080911111212080611110204081314141415161718180515040118181915099929990919999999991909990990919019990199999099903990999900
050804090909101112041304101414041501101414161517181819191517180319021506090999099099090099090909993999099990009099999999999919992910
080909040405080909101112081313021403081313041516171818181919170120200619990999999000900099999999119999912090919199990990993090999999
080404090110111111090910121302141415160304141415161606171815051920202020090990999399909099991011199190999299999999999900099999000999
080809101004080409101001111212121314110315021614111715180614110404050414990909999999099309901909991999999991119290999190990009999990
080904101112060903131305140915131316140915150217141818181819040120212119090000990909999999299999990999990099199999100999003099999099
040809090909100811121201060804121213141415161613031702181813192005181813999990909090099399099909990999199900999991999119921099919999
030808040905060808020910111213131414151515131414161617181818160404040104299099999909919000919009999999999990999991909009999003009999
080909090403081006041112081013141512080516141412171818191902041818011920999099099920990999090999999990909909990909010909999939109991
080809090110110809091210110413140410111516021710180406191705181820202003909990999399990199009990909990999909110091909909999919999992
050108080808091011111213141511110416140217181816191920041816192121030616999990309990090091999019909990999190999199999109999199999290
030608090910111212090910110412041314110215161314041718181314051920180114900992999999999099990999900900999111199999990990990993900099
080909101106080304101112081314101112080415151112021615151704051819011717990909999999999992099919990990099909091999901990991139901999
080806010909080810110909041210131313141210051516141210021718031920211704909999993999010999909900999999900099099999009919999919021199
080808010909101112121212041313021406041313151414051617181903202020181804999990093909099909199099919999199091999009199909200999999990
040808030909040810100909110210121314150504160614151718161919150120161919099999992999999900990911009199999999909009901099993099999009
080209090104101112121212131405151616031718181816191920200604191920202121119991991309099910900999099209909999999090909990999999999909
080209101111080412131401081516171414031516171718041516041918051516062018119099910999011399009999999299990909999999990990099990909909
080509100604081111100312131111101412131315151412040415151402161718011404900099999909999209999999999990099909199099919999109039000999
080801091010080811111205131411041516171819202016170204202016062121210316999099930909190901990999090019999900999109999999901999999929
080602091011121313130403121415161605171415161804191915202121191915012121091110909929990999199909990999999099900990099010999939999999
040808080805090910110306090912041314151502161314011717181314041719191919999900099999912999199099999901099901099991993919999999000999
080808080409041010101009111102041212111113131212030413141515041617050106999990909099999999990091909991999999992999909911990003000999
060801091011120808021303140415151305160415151317181819191917041820202020999110931920999909119990900099999099900999999099909999990999
040408040409100508031112101308141115101304141415101316170215060118171715900900999909999090929990909999999999999909190199903191999190
080404050403090902101010090911121313141511111313161617171706160104181804999990000029919999199999909099099919990199999099093009999990
040105080909101111111104121213060204121213131414041504160314171717171818990990390090999009091999990999019999990090999099299909999909
080809091006080309091011020412121314150412121316171818181319202001051304999999299909990919990090999199990909991990901990009399099909
080910101010051112131306141415131303161616041717181819201717180121210204099990009909999990099999099900092999999909999119993911999910
060809090104101009091112101314141414151316021704051316181819041316031819909990099309990199999109999099109991900999099999099999909299
080901041003081111111112081313130414080415150216171715181905171706181919099099039029999999199199999991901909110990009999999999999099
080909101010040905110403121313130214120604151614121704151514121718190114090990990999909999900209919909119990919999999909999903990099
080809041011080809091004041212131014151512051614151502061714040118191903900909999909999990909909909919009999999919099909003199999192
030808080105091010101111121202041111121314151516171718180419171706180420999992909309990919999991909991910901999099909099099999099090
080104091010081112090410081314090215051614041715181814061904181814031919999099309999119990090909910909019099999099109909999999999929
080809101004080509021111121309141111151616171803191616172020060121170420990999999909919900919909919091919099929999990990903090999099
080509101011081213141011080304151611021718041919201721211919202021210106909999909991909092909999900190909199099909999191999993090999
080806091004041111091005031111091012131314041015131314141601040217181804990900099999999999999099099290990999009999099999391091901190
080910100511080410121211131313121211011414150403061614171818192004021818009999999090999009999999999909009391999991929099900019909919
040808080105091010111112031010111112130214141412151617180612041919182004999990990300999999999999099299919919901100091999909099999900
080909010510080911121310041411151610041711181810190211042020191903062020999909993990019009900991909919099099999199091909999999992909
080809090904080510030411021212041314151515161706181819192020181801192020909999999009029909199019090199909999001990999199999399999909
080910110304080910111112081302140415161617171819161617172006050121212121999999999200999999019001199919900999909999099090903099099999
040809101010110612120413140512031513141416170213011819191919202020202121009999909900999909990990921990999909119901993199990990999999
080509090110081109091210131302141410131506141410031617181804191919202104909999999390090199999991191999999909992099009009999009999900
080910060511081212120413081414151617081818151919202018150219202001042103900909099909999990990099990909909991990999199091999390299909
080809090909041006041104121213131403120513131515161616171515040118180204999999099009990900090999999999902999990090999909903191999910
080109101011081213131011081413130511021415161711181819162004031806162104990999309990199099999991999999009109091909909990999090929990
080910021104030612131111011414141404151516161616171819202021171818202005111002991999099999019939990909999909990909909909999999009999
060809051011031209131311141409131311021504160411041517171818192017170118009099999092999991999999099199099199999900009191909993900999
040809010410040809111110040809111212131409151212161602150517160306150418009999993090919099990999999009999090999919909190999099029909
040809091010111209091004111203130214041215041616041215051601171818181806009999999990999999210099911999991009099999999999309000909990
040208080808090906101101121314141505031314141617181304191920181821212121019999190199909391990919999299900999909990009909999999090999
050108091004111111111212061302141515161717181515191703181820212121210420990000309099999909919091199919099099990929909999909990999999
030809090910041112040410131414151510130214061610171718181818171701051920299999109990009091999999999919909199991990009199999399099900
080809101004080809101004051112131415161616171815030602192020212121210120999909999999999990009000909990909999192911109019999903999999
080602090904081011090903081213051415081216161704181916161717041901202020991909009999999290199999990991000909090999990099909309999999
030808091006050808111212131302141414131515161718011515192004042121212020299009990990900999199991099999999190009990903990999909909999
080809090909010810101111121310101414121315161718121302050406120419202103909999999093099991999909999999909900009999009199999109909112
040808090506100308090411121202091311121214141404151616171818190416011818999090299909999009199999900991909909909909190991909939909999
060108050909101112131304141516131317141818190417021818202017212121032017990990309091999019099900999990009990991999999909019999999299
080909010604080909101011021205101013041415031613171418191913041418182013999999993001919019999910990019909912999999090999909999999900
030804090909101011121213021415120513161617171813161617171913060401202004299999109909999919099911099991909999909999999099000300099999
080808040106040910101112131310100414131516160214171718181914171705180314999999900300090199999190999909909999019099199991999999990929
030808090610110808090910041202131310051415161710181819191919181820200104999092999991999999109909999901099009099919009999999903090999
080809090909080805041011120213140411120604150311161617181811160117171904909999900099999009999911109909199999291909999009993999999900
080808080309101112021313101112141304151112161717041812191717041801050620999929909910991999919999999099190909990991999010999309009990
080304090604101002090911121213131314121215151616050417151616181818040104290991999009119999991099999999910909090999999909990003099999
080801040910081112120910041112120910021113141410151116170518151903060420999909930990990999999901999990909199991909909900999909012990
080105091004080811091010041211090604131311141504131304021616171703181616990009399999199990999009199909109999009991999901990999999219
030809040406040810111112130802111112041414141512161604171512181818180105290999909009999909099901999091909999999091999901099903099999
040801040909060810100909110810100512111113141402151516141718191919042003099999930990091999990109999990091999990909919999199001999992
080801090910080811090905061211131415161616160415021718191920212121031904999909939909009999999909000901999999091099999009019999099299
080808010609101010101111120413131411021513131617051518181920031504181904999909903909990919090990999199909199900999909090999999029099
080103090909081006111104081202110404081313141516171718181905171718202020992999391991999099099911199909900990000999099099099909999999
080609101004080409101005081111121301081111141515161718021519032020202119099909999990909099990909913999199990199999901111929999999900
040104080808091010111212091010041313091414051313091415161704060218181903999990300990900999990999099919999999999900999909000990991912
040808080104090909091011021213131411061215151611171815151911040320202005999990990309991009900919999090909999999199090999902990099999
080909100411081213101411081213101516081213020605171218191920040104191903099999999099909999990091900999999991990991000909103099299999
040809091010011109090412131111140512131515021612131718191920130621191903009099999993090999999909190999199099119090919099999099290999
080109091010080809111111121313130414151617181914200221210614040521210314999999399099009919990999999100999190000199999190909999990929
050108091010111112131010140412151604141412171806021912172020041919032020990090309999009910909999900999999999001999991900909999999299
080104090910081111090912081311050414150216171714181919191914200321210614999909309901909999990019099910999190991099999999919099929990
040808040106091008111213031415161616171715021819202015051818202021212121999990990300900090991999999209991911119990999999999999090999
080809090410080309041110121314141410150416161710021816161704191801061705999999999099909902090919990199999099001999999199019399919900
040808090110110208091210131304091210130504091210031406151617181818192017991990999391191019999999099999999990992090909909090990999009
080909041005080909041112131414141516130617181801130219181820212121210320999099999000990099099099990990909909939909999119001999999929
040808080909101010110905011213141415161616161717181920200317040220202106999990090999990990999039099910990999091999991992901999991900
080909040104080802101112131313101415031617100515181819100615182021212115990999909309919090191099919209909909999909999099090999990999
040108090205101011041212101013131214150413161714150406160314151818180414991190319109199999009099999099019099999909290999999909999909
040308080409101108080209121313131309120514151609171718192020172121060120929900999990991190999909999909099990099909019990990003999999
040809101111010812120413040812121413060804151617181805151917181802150317000099999903090999999909909999909990900199999901999992990199
040809090909100211111103121314041515161317051515181319202121060119202121909990099991199219999990099199999100999909090990903999999099
080309100411080412131311080214151511051614151506171714181919042014011919290909900999099999990911990999990900990099999910990939909999
030808080804090910021112130904140615131617171705131618181920131601182120299999991909090099019099909909190009999919999999099390999909
080809101102010809120513140409151613141718181619141718181603140604201604999109991013119990909999909990991909999999920999990909999090
080909101010080911030502081211111313140415151313161717171718192006012104999999992919999090999190909099999999990009919999100030909990
080901100404080911111213140911111506140916160217140516160418041919190318099099930909099009990999999999100999119099919999009099999992
080808090210011111121310141411151310141416161310171819160306170504202104999109091193919999909990999999099999990009209999990009999900
080809090909040805100406111204131403151516161718011516161718191919190218909999990909909900990909909090092999999999993090991999999911
080910111106120210111313051410151313041610151701031819151704202019151704009900999099199901999999109919999099139109992999099999990990
080910111103080404110412081313021412081313151612171718181919060118180504009929909990999999910999999999109991090199909090903999099909
040801091010110812131314150816131314171702180614191920202014191921040305999090930999919909099900990999109901990919999999999092099099
040808080804040910101112011304141111061315140316051317181816041302181816099999099900099990999039909990999000999999290909999999901190
040108020909101108060909121308040503141515151516141417180416191919181804991190390990999991999201999099009099909999999000990999999990
040108060909101108120909131108141414150508161617181902161620041919030420990990399990100909999999099099990900990919909199909990999299
080605091004081111111004081213141003151513131016011517021819202020202121990009099990999099999900909099092999999999913911191199099999
060408080808091011020503121311141414121516171704181819171720180121212121909990990990910990919209999991999919990199909099993009099999
080809101104011213130214151613131717150618190317202004191905202021212121911199199003099190999109999990029999990009999999099999990999
080801090909080810110512131414151506021414041604171818181819171703202004999999930909109019999999090199999090901999099999090990092999
040804090903051010101104120604021314151515151614171718181919171718180119090929091999999009910999011009999999919909199090999993999999
040801050909101010100909111212121313020614151616171819191616042003192121099999030999990991999919999190009099091909991999901999992909
080409090909101111121213141415121204141406161701181902161717200305162121099990990990909099999090099999909999939909991119919991929019
080808030909021004110909061012130405141015161717141018191720140104191920992991999991990999009900009999990900099900990999993099999990
080808090104041010090911120410131415161616160215050317171815061920202015999999909309999000991999001099099999910999199291999990900999
050808080803091004111112090413021414090615151514161717181919041717011904099999099920999990090199019999199099990919090919999939909990
040808010909100808111212131415161212051414170218191919192003042121062020099999993090901909999990009099991999119991999991200999999099
040808080909101106050909101213141414101513130216101717181819040117040320999990090999999990090999099909999909919099110919903909199992
030808010409040208101109041213131409151513130509161517171818160619201818299909993990190091919901990999909909999909900999999999990009
080909101010080909031112081305061114041516161616171718190204170120202020999999999909992990999009999900010999990099199191993119099999
080808080904011011110212061314110515161617181815161619041803202021212121999109991193199190990100999900099999999900929999909099999999
080808010309101011121309101011120205140411151515161611040617161604181920999929903999909199991990999009110999990990909999099999099000
080804090104030810101010110212131313141516051717061816191917202020191904990999990309999920991991199110909199099999090099999999099099
060401080909101112130909041414141515161702181815191920201805191903212121999090030990109991990999999019999010999019909999999919999299
060108080905101008081104101213141504161717181804161717021803161919202020999900399099090091999999000010999991909991999999999919209999
080808080509040604100209111212101309141512101309041617171303181801171904999999990099901100999909999009999991990019929990990390999990
040108050909101008111109101008111112130214151516130617181519130304200419999090399999099999999099090919990100999909909090999900929099
080808080105030609090910110404121213141402121513161617181813192021181813999999090309999029991909990190999911909909099999909099900999
080109090909081011111204131011111415131006020405041016171717041819191903999999309990190999990009990999100909990991999099990099209999
080504091004080804061111031202131311141516171718191919171718202020200118990009090099999990099990199291910119999999999909099903999999
080804090910011112090910131313130514150616170214151818190414151818200314999909009993009991990999999090199909119909999990999909999092
080109090909081011121313141516161616171718180619171718030419042002052119999999309999000901099909999919900999999992999999001199990900
040809090909100808110412101313131415161602171717161618192020030605040120099999999909909999900099990091190919999999199900920003999999
080909051011030902121011131314141011041314141511161706181901042020202121199992990999199999109999909999999909900991090091300900999999
050808091004110808091010041213131314151202161717181219191717030419060104999900999990909909909099999991190119191999999990929993090099
050808090104100808090911101213131411100613040411101516161602171703181920099999999309909190909909909999009909999999919099990990199211
080809040310080809111112051309110414041309151502011316171804061316161819999929990919999990999109009999991011909909993900999999009990
040108080809101010101109121313140209061304151603171704181619171705181804999990309999999109911999019099092990099099999099099990099099
080804040906100811110912100311111314100515151316100215151716041819200116999999900909090999999029900999999909909999991191099903900099
040808090903100805111112131406111112151515150412161616161702040104181919990990999920909990999900999099099999990999019991103909099099
080404091006080802091005111112091013141412151001141412161717180403040417990909099999011990199099990909999999039990999990909209909990
040808080803090902101010090911120405011314141515061316141515171718190404099999119929919999999099009910999309999999990090999099090009
060104080909101010110909121313131314151616171718151619200321150219190504990090399999900901999999990019990990999999909912990999091909
080809100105060809101011121213131314121215161714040403180214192020202014999999999300009090991999991999999991199029199990109909909999
040808090904101108090912131414151512161414021712181920061712180121051703999990999909009000999999199099199099199199990090993099999092
080909101005080811100404041213061415011616161717181818181717031919190204999909099999909990090009090900909399999919999991999991029919
040809101103121205131313121214151502161617171717160618191901202021191904000929990199999999099199099909901909999991999009399999990090
080409021003111112121013061112121405151617181904152020182121152001182121090190919929999109999999990901909099099019909900999399999999
060808080309100204051109121212041109011313131309141515161617041504161604999290199991990919099999099919909399999909900909099999009099
050809090910031112040610131312040410141312151610140212171801191919171704099909099992909091999999999999009999909190099199309191999190
080409091010080811111010120411111305141515161616141517021803140119202106999999009999090909999909900099999999999991190199293110999190
080501040909081011120913081414151613081414171613041819021620032121061620999999030900000999109999909999999991999991990019099109929999
080601090904101112090905041313141414151613021704151819191717151819190403099900939990109901999099099909990091199999990999999999290909
050809090110041111091210131111141510130216141704031816141919202106141919099999099390991099919909190919909990909199999990921099919999
030408080910111111041210131302141510161616161717061819201717212121210105909002999999990999190999909091090999999991990001999903099999
080809090909080210111101031213141515161604171515161618180619202018050421999999111999199329900990099900099999999990909999090909099990
080109101010080811040412041311140212151311141412161317181812061319050403990999309999109999990990111099999999990909990909999990200099
080808010404090909091010111112131415021116061715181819041715181803052015999999903009990991909099009990009199991909999909999999992900
080409090909101011041203041011131406151611021717151611181901151605201919099990909999909299991900910999199909999991099909399919909019
080109101011081209101011130414151511130416021505131718191906130404191903990999399990199000199999199990199909909901990999090099999992
080105090909081010101011080604121211131314150411021316171711181920031704999999309091999099909909099199009990991909999909919999011299
080609100304080409111212081302111212081415161717181818181917040105041919091299999909999990199911009999999000091999999990903099999909
080801040909080810101010030511111111121314151616041702181816191919202106999999930909099999199990999291909191999191990119999009999900
040809100106111112121212111314140515161714140215161819192020160403212020000999090309999999090190999009999999919090199999990999999219
080803090909081011021205130411140415131611170615011616181915042020202015992999999100991900910999999999199011099999993990099009909999
060308080909100408080909100211120513141516171813191920202020192121210104929990999999099999199091009019999911190999109999999903009999
040401080804090909090810110212131305041412131315161412170618031404171718999990030909999009919091199019999999909999001909929999999099
030408080808090906101011090902121314051516171818191904171820191921170120909992999909999099099091900901099091999999999991099093990099
030809090909101112021314101504161717101518181717041519202021051506200121299999199099119099919009999990199999999901090099099993909099
040809021011120813140611010804141403151616171805191616202020191921212121911000991090099999099939992909999090000990999999999099999999
080808080105090210111212130614141212130415140416031715181804041717181804999999191301901919099990999999900900992999909909999999909090
050808040409010810101010111213021403061513161414170413041818171919191818090909919903999990019909992009199999199099099909999099909999
040108090910111108120510111108120210131408041516061717180419041717181803990900399999119099999999919099919099010099919990999999209099
080808080403090410061111121310041111141310150204141410161705181801161619999990999020909909999999999099019990909099199019990391099990
080409091004080411121212081313020603081304141404011515141416051515171816099009909999999990019209909999199999999009903919999909909900
080910110112080902111112081314151512080503151516171718190416171704062016091999919399199091990991999902999999909990999009099099999900
050809031010110809121010131409021515041606171501181919171704041919202020992990999990990909909909199909199999930009190909009909999999
080806090909080810100403111202131313140515151616171715151816170104041904909999990999999909090211199199999909091999999090993000999990
040808090909040808100405111112131414011115151515161604171717161618020603099999990909999900000999999990009399999199999099999919291109
040104080204090909091003111213131010111413131515111617181819052006181819999100301199999909099290999909999999099099999009990099909990
080105090902081010090911081010120611131414040311151416171818040419190418999919309919919999990909099909099099920999999090900000999999
040408091010111111091001120205091314121504161614041718161614031918180614909990909999911301090999990919099990990199999999991900929999
030809101011061213021414151204161414151217161819052020162119042020160119219909919900019999919999999990909099999909090901099993909999
040801091004111111111010121313141516021313140406171805141919171703202020099099030909999919009999900199900999991999999090990909992999
050806090910031112090910131404041516171418181816171719192016022119190116090999099999009929990090990199099999909099999991019993911999
080808010504090910111213140906151216141717021218031717191218202020200418999999903009901099999099099909090191192999999990999909999990
080805090110080802111110121314141410121506160410120317181919122020042119990999990399199901191999990910099999909290909909999090999909
080306090910080802050410041112131310141415161610141417161618191919010420299909909999109099199900990991999901909999999099099039099990
080808090903101102121212131414051504161414041717181819201717060121212121999920991999119901909999990099909090999109999900903099999999
050809090909101004021104121314141111151514140603161517171819040117172020099999090999901990919009999099992919090909999990003999099999
080809100411041213101411031504101611171515101616170618181818170219050104900999999090009099999999990290999990099999099099999193011099
080809101111010809051111040209120413141409151613141404041706031818181717910099990993999999990001099919099999099999009990920099999999
080909030404080910041112080213141412150516141412151716161801041919191906992999999009009991990901999991999909909999090091399990909990
080909100411040909120411131314141414061502161601171805161919032020201919090090990999999090909099999991919019939199091909929909999999
080801091010080811091010121311090405120211061404121516171704121515031819999999939999990990999011009999099199909109099909999990099290
050308080909101002080911101012131411041516131417181919131420211919060104929990999999919999190999999901990909990919909911009993009099
040808030906100808110905100412120902131314121515131316171518191919010404999200999999909999909090991099991990999909999001090930099999
080808080905030602101111120404101111121313100414151313161616151504170104999902919099019999999909999990990099999991000909999903099099
040401080809101010110809121314140409151516021709151516061717051816190403999990030999999991909901999091909991109990999999990999209009
080909040604080410101011081212121213081414141501031602171705181804171704999999900009099999990009990999119999939910999199021999990990
080809041006111109091201111113141204151602171218051919201218031919200418909009999099091399919999190091099919900190999999999999929990
080109090909081010111206131310141516130217171816191917170320191905210404999999309001990919909999909919909919900999909992999909090909
080104090906101112121212101111130204101414141515101616161715040518040403999990309000199999991099099999019999999990099999909090290099
080808080106090410101010091112121314151612121317041818021905032018212121999999990309999990991090999099990099199091900910999990921999
080109091010081109090410121314151617040614021817191914202117190314200517999099399090199999919900900099109901999990099099999990992999
080909090904081011111112081002131415081616131414030516131701041819202106999999999009999099999011199999990999992999099901390900900090
080809101005080811101012041311021415011311161615171717171615061804040304900999999909199091990909190999199399999099999999990902000999
080904011010080911121010060904131313020914151616171718191616031720190504999999903990110999009909999999909190091909999999999090029099
040108050903101011041212101013061204141515150216171718181916171720202020990920309199909999099999990010019999190990099999099099999999
060404080910111111120910030402131310051414041310151414161701151818181804990900090999990929199990199999999099909990190900399990999990
080405090904081002090311081012131411081015151616171018041616060119191904099999909209919999199991900999099099099909990009903099099999
040809090904101112061313101415151313101617170403181817171920180105021919099999009009009990999999999900999099090999929199993019199919
080809101102080804120313041414140515061616171815191920171715212121210115900119991909992909099199999999009999900009999909199903999999
080404091010111213131010141414141516171702051516171718181816030619040104090090999990999990909099919991099919909999199999920093099099
080803090904100804090902061112131314151515131301051617171717181819192004992909999990909100999190991990999990930099099999990900999990
080104091011081213091414080615161414081715021818191915200404190515202003999009309900199999109999099909990091999091909990999999990992
040808080809101112121309141412121306041415021603171815151920050121212121999900099990990909999999990990999919190191120999103099999999
080910031111021213131106141204151515141216160404141216161717040118190517112991999999099919990090999999099909999999001990903099999009
080409091003080409091004111213021014151213160614171813161914050113162014909929999999099909099099119099099009099999990199003990999909
040808091010010804091010041111091205041113131406151502161718151519191903099999999993090991999909090999909099009109999111199999290999
080808080404050910041112030913141112150913161612150917161601150218192006999099909900999999009999909299909999909909999919390199911000
030809100411061213021411041513161611171513161611181819192020181819050120211999901090099990910999999099999099999990109999999903990999
040809090909010806101004050811101212130811111212141516020403171704181818009999999903999999099901009999999099990991090099990019299999
030808080404091005021112090413141414090613131504091616171515181616170104299999991000909099919090999999910999999009999990909993009099
040104020808090910111108120910111103121310141516120517140616120404180416990190391999999999999201199999909900909009099999999009909909
080904100304081112101002131112041414150512161414171717171818061920011818909299099909999109999109909099999900090999199991999039900999
080808080909101006111213031014140415161617171718161619192021040219190105999999990099909099909099990209090999999999009991091993001999
020809100311120504130611121414131511121414131616171718131904170104201919111290099999909999990999990999990999991099009009993009999909
080808090906101111090912130514151601041717021818041717191904202020201903990990999909999009011990093099199990099991990999099999999902
040108080909101108120909101313131414101515021414161605170604161819202103999990390990090991990999999999199099990991909990990019990912
080808080104090205101112090604131414091515161414031515041717181818181917999999101301991090990999909990099990992999909990999990999909
080808010910111112121314111112121514161606021714181805190414180420202003999909903009991999991990999909919990190991099909999919909992
030608050909101008080909041002111213141515151516171818192016042121210116909092999999999999099001110999919099900999199990909003999999
040108090909101011121314101011151514040211151504161711051818160306041804990990309999000999909999990919999999900199091909999099929900
060803090909100808051102121314141115161614141115041617181919042004011919992990999919990909099109999909999999099909010091990039909999
080909090904080604101101081212101313141412101315161718021920032121212105099909999099901390990999099909999999909991901110929990099999
060801090910110808090902121314150516120414171716120414171718120404191903099919939910919900090199099909099999999999910999999090209999
030408091004111208091010111308091414150216091414041716181801061905181804999902099999909990999099999109999110090999999019390999909090
060308080909101008080909100404110412021313131415161617181905202020011919999990299999999999909099999100000999901990099110999039099999
030408091005111213041414111513161414110213161704111818161919061818012020990002000999099999999919909919999991009119999990999939009999
060408080808090910101112090913021111031404051515161617171715161618190104999990099909991099919991199919919299099909199999999903090099
080401040909081010100909080211110412081311111412051504061604031717171818099999930991990999099019990919999999090199099099091909929909
040105080909101111110409101006121303141402151616141417181616041919202020990090390091999999099999912919199911099999999009990909909999
080803090210080811121314041515151301161617181319062020181319052020180404999119921919019109999999903999999909990909999990099999009009
080809101111080812121104131412061516131417181905131402202004130121212103900099999999999909999099990990000911099991990919093199999992
060408090910111108091210111113141510031613171701050413021704181920202020909990999999900999990990900999099219939999999919000911900999
080809100104080811101212041306101212141313101515141617180204140317051920909999909309909999099909909999991990999999190011999900092990
040808080804010909041010111213141410111515141405110206041616111718190316099909900093999991099919099990999999999900001999991999991129
040108080905101011080909101012041313140415161313140415021703140415061818999900309999999999099091099091999090099999999011999901290999
080910100611120310130411021415131611171715041811191915201821191915011805109901299999999019999911909999909999990990909910099939090999
050108091006111213131404151513130216171518191916171704202016212121202003990000309990199099990990911999999900999099999099909999299099
060804090905101011120903101004121314151515151316171718190220170121212121099909009999099999990290999909091999999191019091193099999999
080806090904040802100311121213131414041213131414051516171717181818190104999999901200919990199099999099999999999091099009909903099099
020809100304111112121313110412120613141504161717141819161717140120202005111290999909090999999909909199999909999099991009993090999990
080808080106040910111112041314151616171802151616191919152020032121052020999999990300009099991990119001999099999919909999999199929909
080809030410110802051210110613131410111513131416111718190416040118182016912999999099109999190909990999999919099199990000903999999900
040308091010111208091010130208061414131305151414011616160417041819191919999990299999190909999011999999099909999190903999090099009999
080909100111080909101011081213041411081213151604171203181905171720022106990999999399999999901999990999919990100991099299091900991190
020809090110110809091210110806131310110805141310031516171804041519202121199991999399191999090999990999999999092000999900099099909009
040208090105101011121213101414121215030416161616171704061818041919191918911990191309909099099099999299990909999900909999900990999999
040809090110040406091110120213141510121216161717180316161919202020051919009999999399901000919911109999909909990299909999909999999909
030808080204090909091011051212131411041212151604171717171818040619190118299109999099990909991999090999019099009990199999909903990999
040308090909101112120213041415151513161616161713051818191913062018190104921990999190999100909999999909909999999990090909199993000999
080904101004080911101212080413141203151515150216011718180616041918180516999909909990999999009299099000919999109199993099090999909909
030808040509100208041109121314151617121318191919011320202121061320202121290999999091109919990099009990990190999909993990999999900999
040803091004111212021010110612131405111516171818191916202001191916202004092199099909991999919999090909109909190999199999399999990090
080901040510020909111110121314111115121316170604181319202121031319192121199991930099909010099999990990090999991900099990929999999999
080808090904061011090901041012121313141005021513160417171818040417031818990900999999009399091909999999999099110901099099909999990299
080806091003081112090204040512041314150412161317151512181317191919011317999129009999091990991099990099099990999099999001999039999990
040808091004110808061213141414141516171717021816192020211816050120212103990090990009999000999999900099909991991991991999903999999992
080801091010080411091012131414090412151616090412061616020512031717170404999099939999019009990999099099999090099991990990999919029909
040809090310040209111210131305111106141415151515141416171804040119191919099299099990199091990999999910090999999909099009003909999999
040108080808091010111213041010140213151505141604171506141618171719041603999990309900911909991999099900919999900999999099199999290099
080808080109051010111209041010131313060214151616171819202016210319202004999990990399990099991909099999919911190190991909919999029999
060809090903101102121204131314141516131314141717181818181917040120202105099929019990909909199099990999909909999919099990903099999900
080109090310081111021210081111131406081516161718191916160518192004210418999929309999991199919999100900999099000999999990999909900909
080808030409041002111209130514111509161614140609161617171717181819010420992999199099119909990990909099199909999991009999999039090990
080409091003080802111106121304111114121313150414120516171714120401171714099129919999199001999999999990099990099919999009999399909990
040108080906101008080211101004041211131314151205161304041203161718181818999900399099191999001999990909999900909990990099299999900999
030502080904101010080909111112131301111106131314150404160417151504181818901192919909999999991990093999999990900090909909099999099099
050803091010040804041006110812130214110815161617111815161617041818190117092199999990990999091099091999091999999099990909199903909099
040108050909101112040909131112120206141115151617181915151617201919041603990990309999109909990909910099919909990999999999009909909992
080909101112050913131112030604141112151617141112150418181901150218182004090090999999990999909999999200999909909909099991390990911990
040108080909101108121213101104121213101105141516101102060404170418181803999090390990099999099999990999090909099999009109909199909992
080808080109101010101109121306051415121617040218191904202018191903202018999999990399990190009199991909919000900999199909999999999299
080605091004111213141015161604171715161618180315011918182020212121210220099000900999009900999999999990099909929099913999991991999919
080305090904081002090911121212121311140415161611041715181611191915040106290909999991199999190999999099109099999999990000099993090099
080909090904051010020404011110121213141414141203151516171819151506202019099900911999990999919031990909999999920999999000099990990999
060801091010110808091010121213141414121213151616171813021603040405192021999090939990999999109990199999109999999991990099900919299011
080909090105081011121213141010151216140404171818140306021818141920212121999999909300909009999099019990190099999991999909992919991199
060808080809101111021203101111131212101415131604011715151805191919192004099919901929990999919999999999990001099999093199090999999900
080809091011010809041211131415161711130218191919130620212104130320212105909099999093990991999910090999009119999019909999999999992090
080909090904080610111205080213111404081516161414170418181919030418180119999909999099009099990991199919190199191999199090929993990999
040808090904100808111111100605121203101313131314101515021617040115181904990900999990999999909999999900092999999099910991103919999100
080808080906101010030405021112131314011515151516171718190404171718202020999000999999929919990011999991900399909099999000999909099999
080409100503080411101212081314101212151516100217151518180417060118191917909999909029909990999990099099910991199919099199903999999099
080909101112080904020603081314150416081314171716181319171704050120202020099119991929900999919999109999099999900919990199903099099999
040801090909101010100405061111121313141111120402141404121515161704031515099999030909990909919999019999991099099909919999900999990929
060208080808091011111111121314041501030414141605171718191919172020202121019999191991999919991990903209909999999990009099999009099999
080109090909080810110412041313140212061315161612171718180312190418180504999999309099119909019999911999999900990099999099209999009909
080909090110080211111210131311141510161317040510030617041818041917041818999999191390991991909999900190009999992999909909990999900909
080209090903081010041104081005121113061404151113161617151113160118192013919929099999999999909000999919099909990199999000993099999000
080808020909030410101111060410101111121212131304041415151515051617180104991992090909999999999999999009109999999001900999999903000099
040808091005010808111111121314141515161714181815191902200306191904212121090909990093999990199909909099999090999019909919999912990999
080809011004080809091011121304041411120402151611121717051818031706191818999909993999091090901900999909919991199910909999999999929009
080808010909101011120909131005141504160317181519062021181519042020021519999999903999000909019099999099199929090919999999999109909190
040805010910040811120910130814151610060814031702181814192020181821212020099999903999090009019909019099919999919092919991999099999999
040809100111121309101411031509101616171717101616041802191920062121191905909990099390991099990929099919999999999011900919999999009099
030808090910111208051310040402141310151515161310171818161319040418160106999902999991190999199999119009999990999999900900009993090999
080808080609100305021111040412121313141412121301151504161617151518160404999900291909901909999190999999999999039009099999099990090099
080808080106090909101112131415151512131605170412180403191912181820211902999999990309909990901999991909099090900099999999999299099111
030808090904100808091112101313041114101516161105021516171118041501040619999992999909990990999099900909999919991990901990099309009990
040808091005110808121004011313121014151313161717061819021703202021212121990000999990909990999039990999999091990991999090990019299999
080809100304110212121313111412120513111415161616111718181920040118180406911299199909199999999991909999990990999109090099003990099999
080910101010041112020603131414151601131414151718131919202018051919200418099990091929009999910999993999919099109909999909099999909990
080309051006081109091012081304141015081602141717181920141717181904140104999099299909990991999099099919900919190919990019999993090999
040104050809101112121303141112120204141516161616141517171819141517062020999910300120199999991909919999990009999999909099099900999999
040601040808090909100808111212131415111212131404020403131617181818180504999990030999909999100019909999990999991099999990019299099909
080109021010081112041010081113131403081115131404160517181818161604190406991199319990999999109291909999999909900009999909999009099909
080910101111120313131105141414130215040604041616171717171616041818180104009090999999299099990999019009010999999909999990909903099999
080304040909080810110909120204131414121505161414121517181819202020180106299099909999900991909999099919099990099999009119909093099999
080109091006081109090512081314140415081313141616171702181920171704212103999099399000099991999090990999990999099919999011199009299999
050108091010111208131310061208131304141215161617181802041619181820202103990090399990009909999999999999990010990919909999099109999912
080910041103121212121106131415021116171415151816011920200416041920200516000920999999999909999099119099999019009199993090999999909990
050108080910111208081313141215041313141216040617141202181919202020201903999000399900099999909991999991990990909919990911990999299999
080809041011120309131414120409131414150216131717060416131717181916050104909009999902999999999990099199990119999999999911900993000099
040803090910060811111112130805140215040816161715181916162020181804012020099909929909999909991009099999019909190999909090990039999999
040809031011051209041011131209021011141409151616141417181919062021011919009299999999999909909909919909190991999919099010999039900999
080909041003080904111212081314021212080515161717181818181717060119191904999029999199991990019909199991999999090010999999903099099999
040808050309100808111209101314150209161314171818041319201818061301202004099929990999990999090999911099199099990901999019999390009999
040108090904101008060911101008121313041408041515161602171717161618190503990990399909909099990991099909099999990019099919999999290009
080808010906101112130914041111150914161602150914161705151818031904152004999990903909110909999999990991999919099199909909991990929090
080909011010080409111010080612131405151516171818151504021918032020202121099999993999010999109990900091999991099991999090999910929999
030808090910040811121213140402121213151617171717051818181819202020210106299909999909199909199999199009910099999099199999009903099099
060808040910111208131310111214150510021216161710181916162020042103012020099099999099999099099909909990099119901999091990901939992999
030809100411121212021311060514141315161718141315191918201315041918040115211999991099991090099999999099999000909990999990999903900999
040809090904101111121314151111160406151717161818151717190220150105191903909990099900900099990999999909990090999999119911993099299999
080801090406030810091112130210090414131516091718130416191918130516041918999992939009999091999099099911900019909999999009999999990090
040408030910111212040910111212040902110506131314111515131314161715010414909290909999990999999009991999091990999099999909100930909999
030408080905101104080912131415150912160215151712181819192012182121210106999992099909909910909990990199999199099199099191099903099999
080808080403090909101112131304021414131516161414171516161819062020050104999099900929991190919999919990999999990999919090109003099999
080403090909101011051202101313131414061516041414171718181919171720011904092990999199009199999109999900999099099909199991999039990990
030809101011120209101013121214141405041516161616171818181920171701062104219909999909199991909099999919099999990109099999090390099909
030809100104060411101012131302141414151516171718151505171719202020202121219999919309099109199190199990900909999999909909999999099909
060108080808090909101011121314101011121215161717180219051717040419190304999990390999909019999900999990999990091990991199900999099929
040108080309101010080411121314150216121317181805121317181919061320041919999920309919990990199109111999999909909999999900999999900099
040308080509101011081209101004021209131404151616171819151616202020200106929990999099909099019999999909190099190909990009999093099999
040408010609101010111109121313111109141405021509141617171804191917172003909990903099999009999909999909199990909991090999090999990912
080809090909061011111204031311111401151604041414041602171705181818171704909999999000999990990990903299099199999909190119099999999090
080409090903081002110405081204131314081215151515041216161717041801160617099929919999109991990099999990090099999909990190990399909909
020809100111121313101011121313041411120615151611030415051718191919202004119991919399919099990999909909999999092999009090099990099099
080910110106051210111313141410041315141410160217180419162020212103162020099990099309000999999190999999091999110099099919909299999999
080804090104081005090911041212121213141402151513161718151513030619191904909999099309099000991099999999919911991999999009920909999990
050809101011041209131411151209161611041209161717011218061703191919200204090999099999900009999909999099999990999900923999991091999110
060108091011121212090904131414021515161414171818161604171818041905170304991000319909999999019909909099199999099999999099990999000929
060108080904101108081213141504051616140217181616141919180320141921212120999090399000099091099919999999099111099099909992999099999999
080808090910011112090904131412151616131414150217130518150419130620150321999909099903109999999900199999990999119909010999999099190992